 -1.5288217e+000  9.0444645e-001  1.0000000e+000
 -2.0361583e+000 -4.2683213e-002  1.0000000e+000
 -1.4469552e+000  5.8544159e-001  1.0000000e+000
 -2.1020055e+000  3.4854328e-001  1.0000000e+000
 -6.4579383e-001 -3.1236681e-001  1.0000000e+000
 -1.3110141e+000  2.3097401e-001  1.0000000e+000
 -7.0097382e-001  3.8551470e-001  1.0000000e+000
 -1.6206926e+000  4.0204583e-001  1.0000000e+000
 -1.2805700e+000 -4.0022868e-001  1.0000000e+000
 -1.9168792e+000 -8.0510654e-001  1.0000000e+000
 -1.7051041e+000 -3.3337470e-001  1.0000000e+000
 -2.4882304e+000  1.4883593e-001  1.0000000e+000
 -1.0121961e+000  6.1366157e-001  1.0000000e+000
 -1.2248587e+000 -4.9745737e-001  1.0000000e+000
 -2.2113591e+000  3.0310227e-001  1.0000000e+000
 -6.3950587e-001 -3.8011728e-001  1.0000000e+000
 -1.9623658e+000  7.2902070e-002  1.0000000e+000
 -2.1734434e+000 -5.7802396e-001  1.0000000e+000
 -2.0663758e+000  3.0357966e-001  1.0000000e+000
 -1.1651357e+000 -3.7813265e-001  1.0000000e+000
 -1.8867343e+000  4.4135977e-001  1.0000000e+000
 -2.2274795e+000  2.3399084e-001  1.0000000e+000
 -1.9620367e+000 -5.5867193e-001  1.0000000e+000
 -1.0741980e+000  9.7992885e-002  1.0000000e+000
 -6.1730315e-001 -3.4027044e-001  1.0000000e+000
 -1.0910274e+000  8.8685092e-001  1.0000000e+000
 -1.3368113e+000  7.6030837e-001  1.0000000e+000
 -1.0007767e+000 -2.4076532e-001  1.0000000e+000
 -1.0488774e+000 -6.7440359e-001  1.0000000e+000
 -9.4761499e-001  2.2659143e-001  1.0000000e+000
 -5.8294783e-001  3.5971652e-001  1.0000000e+000
 -2.3900616e+000  1.9968264e-001  1.0000000e+000
 -1.7137080e+000 -5.6926763e-001  1.0000000e+000
  1.2647992e+000 -8.4649195e-001  2.0000000e+000
  9.1484739e-001  5.7756599e-001  2.0000000e+000
  9.3557526e-001  7.5588293e-001  2.0000000e+000
  1.6050835e+000  4.4427954e-001  2.0000000e+000
  2.8369017e+000 -6.8866403e-001  2.0000000e+000
  1.2259111e+000 -3.7320526e-001  2.0000000e+000
  9.5876310e-001 -2.8474977e-001  2.0000000e+000
  9.5438080e-001  5.8733404e-001  2.0000000e+000
  2.8984615e+000 -7.7952295e-001  2.0000000e+000
  2.1452023e+000 -7.3485631e-001  2.0000000e+000
  1.5200596e+000 -7.3042462e-001  2.0000000e+000
  1.3466526e+000 -2.0690642e-001  2.0000000e+000
  1.1702870e+000 -5.1788262e-001  2.0000000e+000
  2.7550323e+000 -2.1779825e-001  2.0000000e+000
  1.9225255e+000 -8.1420777e-001  2.0000000e+000
  9.4339783e-001 -6.8093035e-001  2.0000000e+000
  2.5890319e+000  7.5830696e-001  2.0000000e+000
  1.2739791e+000  9.8260984e-001  2.0000000e+000
  2.3240597e+000  7.4272923e-001  2.0000000e+000
  1.8592624e+000 -7.9901469e-003  2.0000000e+000
  1.4750637e+000 -8.7811710e-001  2.0000000e+000
  1.4249354e+000 -6.2747797e-001  2.0000000e+000
  2.7341796e+000 -7.5344261e-001  2.0000000e+000
  9.2689077e-001 -2.6061856e-001  2.0000000e+000
  2.2972822e+000  7.7869443e-001  2.0000000e+000
  2.0875410e+000 -6.8661821e-001  2.0000000e+000
  1.5333788e+000 -5.3320903e-001  2.0000000e+000
  9.1684413e-001 -2.0619242e-001  2.0000000e+000
  2.1997363e+000 -8.2999879e-001  2.0000000e+000
  2.4376190e+000  9.3940341e-001  2.0000000e+000
  2.3295945e+000  5.6392368e-001  2.0000000e+000
  1.3751302e+000 -6.0853847e-001  2.0000000e+000
  1.4264278e+000  4.2757013e-001  2.0000000e+000
  4.7759974e+000  7.0111035e-001  3.0000000e+000
  3.4805722e+000  1.5695229e+000  3.0000000e+000
  1.7098263e+000  2.0735197e+000  3.0000000e+000
 -1.3075004e-001  2.1276303e+000  3.0000000e+000
 -1.9365064e+000  1.9155098e+000  3.0000000e+000
  4.3819943e+000 -9.4497385e-001  3.0000000e+000
  1.7383412e+000  1.9195511e+000  3.0000000e+000
  2.2500937e+000 -1.5932134e+000  3.0000000e+000
 -2.9234341e+000 -1.4948739e+000  3.0000000e+000
 -4.9977183e+000 -5.3947132e-003  3.0000000e+000
 -4.5547248e+000 -7.4305635e-001  3.0000000e+000
  3.1689232e+000  1.5515301e+000  3.0000000e+000
  2.2717698e+000  1.9273625e+000  3.0000000e+000
  4.5509863e+000  9.7681104e-001  3.0000000e+000
 -1.5503399e+000  1.9708776e+000  3.0000000e+000
 -4.4052332e+000  1.1377017e+000  3.0000000e+000
 -3.4316513e+000 -1.4357730e+000  3.0000000e+000
 -5.0053546e-001  2.0682768e+000  3.0000000e+000
 -2.4721635e+000 -1.5898362e+000  3.0000000e+000
  1.5083202e+000  2.0733884e+000  3.0000000e+000
 -3.0022133e-001  2.0080290e+000  3.0000000e+000
  4.2187397e-001 -1.8202508e+000  3.0000000e+000
  3.5519697e+000 -1.2502237e+000  3.0000000e+000
  1.5598214e+000 -1.8739402e+000  3.0000000e+000
 -5.1252440e-002 -1.9544078e+000  3.0000000e+000
 -1.7211704e+000  1.9405138e+000  3.0000000e+000
 -2.4832399e+000 -1.5674277e+000  3.0000000e+000
 -3.1551101e+000  1.6419778e+000  3.0000000e+000
 -1.7441556e+000 -1.6970752e+000  3.0000000e+000
  2.6126076e+000  1.7967334e+000  3.0000000e+000
  2.9920229e+000 -1.5893254e+000  3.0000000e+000
 -1.2485534e+000 -1.8398365e+000  3.0000000e+000
  4.6945923e+000 -6.3774150e-001  3.0000000e+000
  8.4886917e-001  2.0036499e+000  3.0000000e+000
