 -1.5078223e-001  8.6380943e-002  8.5204729e-001  1.9987369e+000  2.4143474e+000  3.1035585e+000  4.3559878e-001  1.5359596e+000  4.4291955e-001  2.7235829e+000  2.3894971e+000  3.4411784e+000  1.0000000e+000
 -5.5693183e-001  4.3452489e-001  5.8654836e-001  3.4914053e+000  3.8333529e+000  2.2107826e+000  1.4081895e+000  1.6549123e+000  3.3383397e+000  7.6448426e-001  8.8186407e-001  2.9088542e+000  1.0000000e+000
  2.5392162e-001  2.0581544e-001  2.8388990e+000  3.9161082e+000  3.0210224e+000  2.5479538e+000  1.9089164e+000  1.0814452e+000  2.2614912e+000  1.8997787e+000  1.7368019e+000  1.8204303e+000  1.0000000e+000
 -3.1179917e-001  1.1422395e-001  3.0323591e-002  2.4741908e+000  3.0711228e+000  3.0037870e-001  2.0424283e+000  2.7321315e+000  3.5456328e-001  2.3029551e+000  5.6735953e-001  3.1926484e+000  1.0000000e+000
  3.9080054e-001  6.1004814e-001  2.8586858e-001  2.3602043e-001  2.9429509e+000  1.1840721e-002  6.8566268e-001  9.0651308e-001  1.2995500e+000  6.4806599e-001  1.6663786e+000  3.9596711e+000  1.0000000e+000
  1.4516522e-001 -5.5793163e-001  1.0305045e+000  2.1860399e+000  3.7317753e+000  3.6924289e+000  7.3425339e-002  6.4674208e-001  1.1037172e+000  2.2931351e+000  3.8959991e-001  2.6791313e+000  1.0000000e+000
  6.0774924e-001  5.3403699e-001  1.7541639e+000  1.3196730e+000  1.8346508e+000  7.2272954e-001  3.8762227e-001  7.8627238e-001  3.2370655e-001  1.7264874e+000  3.7514601e+000  3.8763225e+000  1.0000000e+000
  8.0431239e-001  3.1539168e-001  2.6714835e+000  3.6317700e+000  2.6211155e+000  9.5874461e-001  1.8806274e+000  1.8014060e+000  2.9811141e+000  2.5450582e+000  2.0382547e-001  3.6360334e+000  1.0000000e+000
  1.4028298e-001  9.2542110e-001  1.9266077e+000  2.6410587e+000  3.8118631e+000  2.4218877e+000  3.2826736e+000  3.1966351e+000  3.2415619e+000  7.0756702e-002  3.2869940e-001  2.5880712e+000  1.0000000e+000
 -9.6850579e-001  3.3908768e-001  1.6615942e-001  2.0772412e+000  1.9222462e+000  7.7385482e-001  8.1503754e-001  2.1319225e+000  2.6588367e+000  1.5868253e-001  2.3585437e+000  1.3142341e+000  1.0000000e+000
  4.9070984e-001 -8.4316968e-001  3.6083486e-001  1.2672301e+000  7.8628465e-001  3.9685709e+000  4.1774168e-001  1.3670604e+000  1.5708355e+000  2.7677265e+000  3.2198928e+000  2.7890465e+000  1.0000000e+000
 -3.0126108e-001 -4.4328120e-001  2.6868256e+000  3.1287009e+000  6.0775085e-001  3.5153948e+000  2.6044283e+000  2.3091631e+000  1.2263041e+000  4.3531231e-001  1.2874509e+000  4.8542061e-001  1.0000000e+000
 -1.1927808e-001 -5.4369348e-001  3.2941463e-001  1.1422721e+000  2.2061309e+000  3.0993527e+000  1.6576676e+000  6.1208692e-001  9.7193155e-001  2.2381286e-001  2.1271579e+000  3.4394941e-001  1.0000000e+000
 -9.6723401e-002 -4.7923358e-002  3.2752491e+000  9.3003235e-001  2.7316290e+000  2.9032526e+000  3.5688259e+000  2.1422597e+000  2.7947597e+000  3.2108674e-001  3.2894522e+000  1.5370542e+000  1.0000000e+000
 -5.7258046e-001 -4.9407654e-001  1.8488407e+000  2.6722530e+000  1.2384803e+000  2.5660754e+000  2.5170730e+000  2.4462454e+000  2.1992470e+000  2.4659594e+000  1.9808833e+000  1.3028253e+000  1.0000000e+000
  7.4047175e-001 -4.7824709e-001  2.2840666e+000  3.4270249e+000  3.9303414e+000  3.0113899e+000  3.5467107e+000  3.2011642e+000  3.2710586e+000  2.2532026e+000  2.2376705e-001  1.2058789e+000  1.0000000e+000
  8.7219582e-001  6.3252820e-002  1.6702537e+000  2.6840692e+000  3.1326001e+000  3.1402602e+000  3.8020047e+000  3.4768791e+000  1.9761203e+000  1.2383562e+000  3.1957837e-001  3.1208352e+000  1.0000000e+000
 -5.6116746e-001  3.1631265e-001  2.9567889e+000  1.4789019e-001  3.9271624e+000  4.0897115e-001  1.8742568e+000  1.6220517e+000  2.7441729e-001  2.3501422e+000  1.9370509e+000  2.4125047e+000  1.0000000e+000
 -5.1764386e-001  4.1581352e-001  1.2718521e+000  3.4204451e+000  8.1655081e-001  2.4943733e+000  3.9131754e-001  2.4292351e+000  3.0147436e+000  2.8718547e+000  1.4256559e-001  2.0787781e+000  1.0000000e+000
 -3.1581543e-002  1.2287210e+000  2.5757995e+000  3.5735945e+000  2.4944063e+000  4.5951965e-001  2.3493040e-001  6.0541876e-002  1.3106507e+000  1.7191435e+000  2.6618960e+000  3.5381934e+000  1.0000000e+000
 -1.4446280e+000 -5.7378667e-001  2.0838822e+000  1.3637546e+000  2.9122199e+000  2.6559382e+000  1.8522342e+000  2.9785321e+000  2.6603087e+000  4.9183142e-001  2.8702590e+000  3.1245888e+000  1.0000000e+000
 -7.6520145e-001 -1.8143520e-001  1.8813589e+000  2.0912754e+000  3.4426949e+000  3.8525401e-001  9.1636524e-001  1.2802590e+000  3.9004544e+000  1.8246239e-001  2.7714790e+000  3.3374297e+000  1.0000000e+000
  2.6677153e-001  2.0683281e-001  2.9714587e+000  9.3902647e-001  2.8275048e+000  3.7348329e+000  3.4609852e+000  1.3746989e+000  2.4067395e+000  3.0398441e+000  2.9983647e+000  8.5220355e-001  1.0000000e+000
 -1.8997107e-001 -4.2134182e-002  3.8688490e+000  1.9812567e+000  2.4225538e+000  1.8655837e+000  3.3770033e+000  3.7218127e+000  8.2620642e-001  3.2648797e+000  1.6147002e+000  9.3777968e-001  1.0000000e+000
  3.1524746e-001 -3.1559694e-001  1.3939468e+000  2.7042622e+000  2.9350572e+000  2.4383070e+000  1.5744373e+000  2.8186365e+000  1.3683020e+000  1.8921951e+000  3.9186240e+000  3.7524846e+000  1.0000000e+000
  3.5533064e-001 -4.3402512e-001  2.5262114e+000  2.4730768e+000  1.0076597e+000  3.6342210e+000  1.4994258e+000  4.1148416e-001  3.9929454e+000  3.4195422e-001  2.1507023e+000  2.9956686e+000  1.0000000e+000
  1.4668454e+000 -1.5117893e-001  8.7957447e-001  1.1990281e+000  2.2512108e+000  1.6283269e+000  3.8877074e+000  3.2128266e+000  2.4626558e+000  2.4437917e+000  3.3757547e+000  2.6064384e+000  1.0000000e+000
 -5.2896357e-001  5.2707379e-001  3.4508972e+000  9.2013739e-001  1.0725443e+000  3.8436078e+000  3.7981148e+000  2.9122486e+000  3.3796143e+000  1.4161004e+000  1.3820024e+000  1.2381633e+000  1.0000000e+000
  8.1634784e-001 -1.2635951e+000  9.9274628e-001  2.3474971e+000  2.1719242e+000  3.8542561e+000  1.9213144e+000  5.7479518e-001  1.8221060e+000  7.8887388e-001  3.0722745e+000  9.8792781e-001  1.0000000e+000
  1.2659904e-001 -5.5688929e-001  3.9457339e+000  7.6626199e-001  1.6430523e+000  9.3739156e-001  2.7877877e+000  2.8397150e+000  1.7465708e+000  1.5394012e+000  6.8976327e-001  1.4694959e+000  1.0000000e+000
 -1.6597442e-001  3.0040998e-001  1.6280162e+000  2.1807695e-001  1.1471823e+000  2.6643962e+000  1.7396638e+000  2.5848446e+000  1.5621437e+000  2.7657427e+000  2.9371378e+000  3.2640887e+000  1.0000000e+000
 -3.3961865e-001 -8.2592553e-001  3.9071394e+000  3.4568093e+000  2.8508896e+000  4.9322655e-001  3.2618975e+000  2.3969184e+000  3.1861155e+000  7.4615584e-001  1.8685259e+000  2.1291079e+000  1.0000000e+000
  4.6959087e-001 -6.9915693e-001  8.5419409e-001  1.5461287e+000  1.7851881e+000  3.8398746e+000  1.5911426e+000  1.7775289e+000  1.5263881e+000  8.6547885e-001  2.3871035e+000  3.5092301e+000  1.0000000e+000
  1.1648098e-001 -3.8542051e-001  6.1526021e-001  1.5159617e+000  4.8100864e-001  2.5524773e+000  7.4585611e-001  9.3743616e-001  2.7297447e+000  2.6193607e+000  1.7878533e+000  1.9102182e-001  1.0000000e+000
  3.0755130e-001 -3.9621246e-002  2.8131590e+000  3.6082995e+000  2.4863505e+000  1.7743610e+000  1.2320599e+000  3.2826788e-001  2.6860868e+000  1.5899960e+000  2.5917495e+000  1.8307021e+000  1.0000000e+000
  5.0272150e-003 -2.3011832e-001  1.7337462e+000  2.0726862e+000  3.1090569e+000  1.0798994e+000  2.9986862e+000  1.5292629e+000  8.6080035e-001  3.6244034e+000  1.6132950e+000  1.2171340e+000  1.0000000e+000
 -1.5262070e-001  5.8970778e-001  1.1029426e+000  1.2425020e+000  1.3751001e+000  2.0401297e+000  7.1195053e-001  2.4580923e+000  1.8164603e+000  1.9027019e+000  2.7383485e+000  1.7125217e+000  1.0000000e+000
 -6.5037243e-001 -2.0516299e-001  3.8129747e+000  3.6631622e+000  5.6226966e-001  8.5436526e-001  1.6222335e+000  3.5082601e+000  8.6009756e-001  1.0651131e+000  3.5827971e+000  2.2923322e-001  1.0000000e+000
  9.7782785e-001 -2.9117157e-001  2.3417292e+000  2.9305984e+000  3.1562017e+000  3.4296769e+000  3.8082190e+000  2.5620924e+000  2.1397547e+000  2.6095753e+000  3.7392346e+000  1.3559244e+000  1.0000000e+000
  5.7246781e-001 -9.7518928e-002  2.7827694e+000  3.8138962e+000  2.0023923e+000  4.1128401e-001  1.8022991e+000  1.9623795e+000  2.7555593e+000  1.8461387e+000  1.5724766e+000  7.7109979e-001  1.0000000e+000
  4.4713010e-001  6.0217000e-001  1.0948240e+000  1.3303674e+000  9.3961988e-001  2.9763408e+000  3.3141711e+000  1.3815345e+000  2.1878012e+000  7.5637476e-001  4.4189445e-002  3.4842677e+000  1.0000000e+000
 -2.7906251e-001  6.8391311e-001  2.1099574e+000  1.7643438e+000  2.6682532e+000  1.8993164e+000  1.4715886e-001  1.6772303e+000  2.1599373e+000  1.6717126e+000  2.2254028e+000  4.4974731e-002  1.0000000e+000
  2.5954207e-001  3.1609181e-001  1.8465101e+000  1.6712603e+000  1.8316626e+000  2.2411983e+000  2.8078332e+000  3.1099253e+000  3.2859241e+000  3.8517264e+000  3.2909088e+000  1.8798397e+000  1.0000000e+000
 -7.3202547e-001  3.8271193e-001  1.3440098e+000  4.3441197e-001  9.9078052e-002  3.0820555e+000  1.3130882e-001  5.7975242e-001  2.7047425e+000  2.1536500e+000  5.8752668e-001  8.5826564e-001  1.0000000e+000
  2.7947802e-001  7.1883524e-001  1.3179108e+000  1.2034127e+000  1.5600494e+000  2.8890909e+000  2.9655958e+000  9.5070587e-001  5.4086503e-001  1.6212059e+000  8.9077468e-001  1.3634483e+000  1.0000000e+000
 -3.6637298e-001  2.0569424e-001  2.1094805e+000  2.4514850e+000  3.1100410e+000  9.5284901e-003  2.2827416e-001  2.2639499e+000  3.3706737e+000  7.4475440e-001  1.8289909e+000  1.4365104e+000  1.0000000e+000
 -7.5351315e-001 -7.1554294e-001  5.1439284e-003  3.4913909e+000  2.2777150e+000  1.3728777e+000  1.2717015e+000  2.6817733e-001  2.0796983e+000  3.4044304e+000  3.5007143e-002  2.3627668e+000  1.0000000e+000
 -2.3478870e-001  5.0244962e-001  2.4280081e+000  1.1546632e+000  3.2285586e+000  3.8051470e+000  1.9584696e+000  3.9168758e+000  3.6815001e+000  2.1417873e+000  3.4595615e+000  3.0449375e+000  1.0000000e+000
 -2.4974184e-001 -1.1919347e-001  3.8658679e+000  1.3066807e+000  2.3373341e+000  1.9495008e+000  5.0514173e-002  1.1972134e+000  3.1074501e+000  6.6415004e-001  5.8678124e-002  3.0082780e+000  1.0000000e+000
 -1.5058091e+000 -6.5610810e-002  1.2324861e+000  1.8428618e+000  2.9252972e+000  2.2262801e+000  1.6836431e+000  1.2976359e+000  3.3001289e+000  1.2304863e+000  8.0582411e-001  2.8400994e+000  1.0000000e+000
  2.2952413e+000 -4.9259151e+000  3.2629320e+000  2.7004615e-001  2.6153339e+000  1.6917624e+000  1.2266749e+000  1.0005352e-001  1.9032615e+000  3.8659758e+000  1.5641951e+000  1.3489480e+000  2.0000000e+000
  1.2806790e+000 -1.4150050e+000  8.3569974e-001  2.3708942e+000  1.1936959e-001  1.0346664e+000  3.5253002e+000  3.8281980e+000  5.2460830e-001  3.0874774e+000  3.4333292e+000  3.6995266e+000  2.0000000e+000
 -1.4959949e+000 -3.2901387e+000  1.2627273e+000  3.5920445e+000  3.3065510e+000  2.4623892e-001  3.1205475e+000  1.9246639e+000  3.3277538e+000  3.4139307e-001  8.3160367e-001  8.5605743e-001  2.0000000e+000
 -3.6510819e+000  3.2991007e+000  1.1971342e+000  2.1890919e-001  7.4883451e-001  4.8532315e-001  1.3328029e+000  3.5351428e+000  3.9213550e+000  2.6151602e+000  3.9118048e+000  1.7164396e+000  2.0000000e+000
  7.9232327e-001  5.9052324e+000  2.3068777e+000  5.9402874e-001  8.5091409e-001  2.3165853e+000  2.9810241e+000  5.6447612e-001  2.5073358e+000  3.0367152e+000  2.2184559e+000  1.9244186e-001  2.0000000e+000
 -6.2763810e+000  6.2642878e-001  7.1225170e-001  1.1325206e+000  1.7893786e-001  3.0322004e+000  3.4549114e+000  4.7806565e-001  8.7470694e-001  2.6255670e+000  1.5750649e+000  3.2865067e+000  2.0000000e+000
 -1.2682570e+000  3.4171826e+000  1.9643833e+000  5.5567641e-001  1.9619931e-001  1.8358768e+000  6.1835695e-001  6.6679665e-001  2.8896884e+000  8.1592314e-001  1.5110174e-001  2.4081903e+000  2.0000000e+000
 -6.9075397e+000  2.6068142e-001  1.5922725e+000  2.7667831e+000  1.9880450e+000  5.0280102e-001  3.8942918e+000  1.5210170e-001  1.9178587e+000  1.8792055e+000  3.1484317e+000  3.6355257e+000  2.0000000e+000
 -6.1719858e+000 -3.5403792e+000  7.1905974e-001  2.8080194e-001  2.4224594e-002  6.1693011e-001  1.5026209e+000  8.6339544e-001  2.6919949e+000  3.2204334e+000  2.9946408e+000  2.7564920e+000  2.0000000e+000
  5.9057870e+000 -8.9293265e-001  3.6664278e+000  3.1470525e+000  2.8873468e+000  7.8628148e-001  9.4154590e-001  3.4502614e-001  1.7039404e+000  3.5114036e+000  1.6850618e-002  3.2833431e+000  2.0000000e+000
  5.3453306e+000  1.5789455e+000  2.1951431e+000  4.1898429e-001  2.2114274e+000  2.7282829e+000  2.9754784e+000  8.7592067e-001  1.5336779e+000  3.2043483e+000  2.3738562e+000  2.6443627e+000  2.0000000e+000
 -1.6591124e+000  3.9162552e+000  1.5169419e+000  2.0080901e+000  4.7584354e-002  9.2695967e-001  2.2649711e+000  8.6902175e-001  2.4373947e+000  6.5634034e-001  3.3076287e+000  3.3165337e+000  2.0000000e+000
 -1.8494750e+000 -4.2257980e+000  1.9873605e+000  1.8571338e+000  2.5520154e+000  3.6803283e+000  2.0531974e+000  2.6096002e+000  8.7354393e-001  3.4609273e+000  2.4516895e+000  2.1327610e+000  2.0000000e+000
 -2.4228002e+000 -4.1525798e+000  3.3720613e+000  3.5744022e+000  2.3168226e+000  3.7034594e+000  3.2204752e+000  3.9587786e+000  2.6689395e+000  2.1173868e+000  2.4495957e+000  6.0658219e-001  2.0000000e+000
  4.0447784e+000 -2.4853979e+000  2.4272121e+000  2.5418903e-002  3.0010034e+000  3.4049982e+000  1.3453894e+000  3.5494852e+000  2.9366963e+000  2.5254691e+000  1.0758938e+000  6.5176943e-001  2.0000000e+000
 -4.1244748e+000  1.3547161e+000  2.1404596e+000  1.5249898e+000  2.5225219e+000  1.6765198e+000  1.4959135e+000  2.9817612e+000  1.1953882e+000  3.7902475e+000  2.9264307e-001  3.3373469e+000  2.0000000e+000
 -1.3418418e+000 -4.7283472e+000  2.8813710e+000  1.4616908e+000  1.3913025e+000  3.1487032e+000  2.6851951e+000  2.2500256e+000  6.7230972e-001  1.2380808e+000  4.8574962e-001  3.4880999e+000  2.0000000e+000
  3.1626176e+000  1.4874941e+000  2.5863990e+000  2.9873297e+000  3.1786372e+000  3.9240593e+000  2.4135703e+000  2.9225405e+000  3.1642949e+000  1.7465169e+000  1.9621364e+000  9.2699820e-002  2.0000000e+000
  1.3187000e+000 -4.0908791e+000  3.2628779e+000  3.6661184e+000  3.1874057e-001  2.4701679e+000  3.9014705e-001  3.7547824e+000  9.3132015e-001  2.2850046e+000  1.7548594e+000  2.7455285e+000  2.0000000e+000
 -4.7437352e+000  2.9838975e+000  2.8799696e-001  1.0529113e+000  2.9196324e+000  1.9340159e+000  6.9395249e-001  1.1463159e+000  3.2410224e+000  1.4449543e+000  3.0064920e+000  5.5947658e-001  2.0000000e+000
  5.3276233e+000 -3.4865436e+000  3.9331429e+000  7.3790097e-002  3.9709931e+000  2.5937338e+000  1.3481419e+000  4.4800199e-002  3.4180079e+000  3.9848840e+000  1.5180207e+000  3.0714548e+000  2.0000000e+000
 -1.1823966e-001 -5.9886274e+000  1.1729240e+000  2.4962819e+000  6.6327890e-001  2.8337733e+000  1.5230545e+000  3.1280482e+000  9.5843857e-001  1.9589256e+000  3.5009117e+000  1.0741343e+000  2.0000000e+000
  5.1887771e+000  1.1471065e+000  3.0681135e+000  1.6867528e+000  3.9829320e+000  2.1927194e+000  3.0878261e+000  1.8370896e+000  1.3047078e+000  1.9129418e+000  8.8535037e-001  1.0875881e+000  2.0000000e+000
  1.4242475e-001 -4.9774418e+000  1.3642979e+000  3.2708038e-001  2.8006141e-001  2.1825036e+000  3.4832838e+000  4.1924981e-001  4.9454371e-001  1.3318023e+000  3.8670009e+000  3.2948906e+000  2.0000000e+000
 -4.7216864e+000  2.5112400e+000  1.4010866e+000  1.8203641e-001  2.2445287e+000  3.1533117e+000  4.1789885e-001  5.4970900e-001  3.8963720e+000  9.8239004e-002  1.7740922e+000  3.4765930e-001  2.0000000e+000
 -9.3013434e-001 -2.2747271e+000  2.6348048e+000  6.2607463e-001  2.5116004e+000  1.0286529e+000  3.9547744e+000  1.5568016e+000  3.1808548e+000  1.1843647e+000  3.2283595e+000  2.6644043e+000  2.0000000e+000
 -3.2174904e+000  4.9021127e+000  1.4601525e+000  2.4341554e+000  8.3933636e-001  7.8465058e-001  2.6675457e+000  1.1528245e+000  1.2431038e+000  1.2399486e+000  2.0027825e-001  1.0833107e+000  2.0000000e+000
 -6.7239061e+000 -3.0911031e+000  2.4320018e+000  1.4206956e+000  8.7465562e-001  8.0762165e-001  3.6630482e-001  3.0054892e+000  3.6830833e+000  2.7901163e-001  2.0324809e+000  2.7538025e+000  2.0000000e+000
 -5.3324727e-001 -3.5881256e+000  3.4585454e+000  1.3891515e+000  1.4301063e+000  1.6882171e+000  3.2543187e+000  2.8792530e-001  2.9456966e+000  1.8300185e+000  2.6108624e+000  6.6386900e-001  2.0000000e+000
  6.1744907e+000 -5.2468036e+000  1.3248590e+000  1.7018032e+000  2.7972624e+000  3.7925625e+000  1.9187804e-001  6.6350672e-001  3.4240953e+000  1.0363850e+000  8.9700486e-001  3.6264838e+000  2.0000000e+000
 -1.1753932e+000  2.9222713e+000  3.2323991e+000  2.6975189e+000  2.2109541e+000  2.0167645e+000  3.6847720e+000  9.7737529e-001  1.5821253e+000  7.6438108e-001  3.2703400e+000  1.7436895e+000  2.0000000e+000
 -4.4912646e+000 -1.8056269e+000  2.9854649e+000  8.9237175e-001  3.9399574e+000  1.9624949e+000  1.5802227e+000  9.5279984e-001  2.9825453e-001  2.2464911e+000  8.3556807e-001  5.8610602e-001  2.0000000e+000
 -1.9843267e+000  3.9866835e+000  2.5953603e+000  2.6260278e+000  2.0110230e+000  3.2849735e+000  2.3450909e+000  2.3443249e+000  3.8780948e+000  8.3840177e-001  4.7104872e-001  3.1681872e+000  2.0000000e+000
 -2.0369286e+000  5.5777437e+000  2.5676982e-002  1.4340154e+000  5.8642752e-001  6.1502019e-001  9.4490176e-001  2.9287800e+000  7.0982664e-001  2.6194217e-001  3.5654578e+000  2.8091404e+000  2.0000000e+000
  1.9885019e+000 -6.2076152e+000  1.2888242e+000  3.6061052e+000  1.2816871e+000  1.2202249e+000  8.7998597e-001  1.4766944e+000  1.9039798e-002  5.0093713e-001  3.0125439e+000  2.6993453e+000  2.0000000e+000
  3.3852267e+000  5.4043371e+000  8.2255066e-001  2.2200596e+000  4.6757240e-001  2.1839842e+000  4.7719830e-001  3.7198995e+000  3.7029210e+000  2.8937732e+000  3.6693331e+000  2.4817871e+000  2.0000000e+000
  4.3387616e+000  1.1540393e+000  3.4454145e+000  2.8666286e-001  2.4051626e-001  3.1446883e+000  2.4998603e+000  4.3646375e-001  9.3434486e-001  1.6004714e+000  1.8306360e+000  1.6970000e+000  2.0000000e+000
  4.8253607e+000 -9.5308391e-001  8.6032874e-001  2.6198627e-001  8.6595896e-001  2.4407487e+000  2.4519777e+000  8.8333652e-001  2.5823171e+000  2.7403557e+000  3.6949799e+000  3.4087131e+000  2.0000000e+000
  7.7360438e-001  6.3341883e+000  2.9251656e+000  3.4780454e+000  4.2684915e-001  3.4662346e+000  3.5121369e+000  6.8306110e-001  3.9087426e+000  7.3069332e-001  3.8180616e+000  2.1055436e+000  2.0000000e+000
 -1.4667402e+000 -4.3452132e+000  1.7092930e+000  3.3585493e+000  1.9203970e+000  1.5606903e+000  2.4862071e+000  2.8853814e-001  2.7933245e+000  6.8852554e-001  3.7872380e+000  2.1300392e+000  2.0000000e+000
 -2.0520179e+000 -4.7101433e+000  2.5507515e+000  3.4008383e+000  3.9263973e+000  3.2498381e+000  3.3324959e+000  5.3686228e-001  1.3946720e+000  3.6495243e+000  2.1275349e+000  3.4271520e+000  2.0000000e+000
 -2.8925687e+000  4.4428915e+000  2.6303563e+000  1.7723525e+000  6.9990315e-001  2.7669231e+000  2.7466494e+000  2.6331123e+000  2.1693906e+000  3.4190778e+000  2.7826078e+000  3.2918382e+000  2.0000000e+000
 -3.8644150e+000 -3.8891281e+000  3.3220801e+000  7.1325427e-001  7.4473492e-001  1.2970314e+000  1.0616920e+000  1.6125585e+000  3.3768155e-001  1.7244171e+000  1.5469043e+000  3.1749577e+000  2.0000000e+000
 -3.8140423e+000 -3.2616979e+000  3.4235859e+000  2.9575108e+000  1.7659016e+000  2.3732941e+000  2.2293074e+000  1.8869531e+000  2.7078182e+000  1.0307402e+000  4.1284021e-001  1.2628820e+000  2.0000000e+000
 -3.3704621e+000  4.5159334e+000  2.3844657e+000  3.5259328e+000  3.9986443e-001  3.1504879e+000  1.3033585e+000  1.3496783e+000  7.9967218e-002  3.5059524e+000  2.7259214e+000  2.3111538e+000  2.0000000e+000
 -7.5903736e+000  3.1458362e-002  5.5011615e-001  3.7005894e+000  4.7520839e-001  6.9053852e-001  8.6442483e-002  3.8216374e+000  2.7176509e+000  1.9084569e+000  1.0282752e+000  2.9741934e+000  2.0000000e+000
 -5.8626615e+000 -2.7392356e+000  1.3570484e+000  8.9465277e-001  3.9160666e+000  8.5044048e-001  2.6882537e+000  3.1508162e-001  6.8879595e-001  3.1172192e+000  3.1457728e+000  1.8041349e+000  2.0000000e+000
 -6.4708136e+000 -2.5852747e+000  1.4141891e+000  2.0512841e+000  8.3552483e-001  3.2354604e+000  2.8672891e+000  2.4784448e+000  3.2026059e+000  3.1708532e-001  1.6235594e+000  1.6629266e+000  2.0000000e+000
 -2.9327277e+000  3.2779580e+000  1.8970304e+000  3.1697628e+000  3.0190688e+000  6.4959486e-001  2.0531759e+000  8.5050681e-001  5.2663040e-003  1.6189713e-001  1.8266956e+000  3.3574108e+000  2.0000000e+000
  3.8610576e+000  5.7655607e+000  1.1265623e+000  3.2338748e+000  1.4611354e+000  7.6740505e-001  3.3567181e+000  2.0185217e+000  4.9195208e-001  1.8538922e+000  3.5280703e+000  2.9053930e+000  2.0000000e+000
