 -3.8545381e-001 -1.4786230e-002  2.6053316e+000  1.2739336e+000  1.2212860e+000  2.7380385e+000  3.4404914e-001  2.2936494e+000  3.4584804e+000  2.6124550e+000  1.9081856e-001  1.8710660e+000  1.0000000e+000
  8.0269915e-002 -2.2431207e-001  3.2600596e+000  3.8447410e+000  1.7751335e+000  3.9748387e+000  3.6282188e+000  2.0070877e+000  3.5187068e+000  2.1466458e+000  2.6861712e+000  3.1139397e+000  1.0000000e+000
  3.2102315e-002  2.7601831e-003  3.6771771e+000  1.9512272e+000  3.1486730e+000  1.5726687e+000  7.5273216e-001  1.3612696e+000  1.2823844e+000  8.4564252e-001  2.7410176e+000  3.4050186e+000  1.0000000e+000
 -3.0560104e-001  1.3765691e-001  3.0833642e+000  2.9669976e+000  3.0102329e+000  2.1649071e+000  1.6016266e+000  2.7753775e+000  2.9779745e+000  3.9037579e+000  2.9867349e+000  3.8621333e+000  1.0000000e+000
 -2.2793178e-001  1.9119868e-001  1.7763125e+000  3.7202207e+000  1.6971207e+000  1.2749012e+000  5.6395424e-001  3.1746030e+000  1.8848272e+000  2.8770132e+000  1.0397072e-001  3.8404119e+000  1.0000000e+000
 -3.3872515e-002  2.9828171e-001  1.6415865e+000  9.7625876e-001  2.7416632e+000  1.6724085e+000  2.0280551e+000  8.6759132e-001  8.3233105e-001  2.8464340e+000  1.4099792e+000  1.2402548e+000  1.0000000e+000
  3.6750691e-001  6.1173713e-001  1.4406703e+000  3.6534111e+000  5.1342644e-001  7.8369957e-001  2.5586595e+000  7.7948862e-001  3.5363790e+000  1.0207500e+000  2.6777604e+000  3.6524936e+000  1.0000000e+000
 -2.8189889e-001 -9.6759631e-002  1.0056453e+000  1.9421047e+000  2.6964644e+000  3.8498662e+000  2.3250005e+000  1.7379403e+000  3.6462360e+000  3.9834203e+000  2.8283603e+000  1.9718692e-001  1.0000000e+000
  7.0064475e-002 -3.7535292e-001  1.8058007e+000  1.6151484e+000  3.0946931e+000  3.9682248e+000  1.5067545e+000  1.6413227e+000  2.3540991e+000  1.4454164e+000  7.5220990e-001  1.3735025e+000  1.0000000e+000
 -4.6649005e-001 -1.4002505e-001  1.5020655e+000  3.5038887e+000  1.8433402e-001  1.8568306e+000  3.3359474e+000  3.3421064e+000  3.8301900e+000  9.2831738e-002  1.6268225e+000  3.5026452e+000  1.0000000e+000
 -1.7954595e-001 -7.0475495e-002  3.9142008e+000  2.5060255e+000  9.8601753e-001  4.5745938e-003  3.1059675e-001  1.9875342e+000  1.8183724e+000  2.2841455e+000  3.7422989e+000  2.6651425e-001  1.0000000e+000
  4.2881156e-002  4.2172490e-002  1.0835318e+000  1.0840966e+000  1.1578378e+000  2.4155652e+000  5.6396866e-001  2.5797655e+000  1.7137410e+000  1.5114013e+000  1.1795114e+000  2.7044633e+000  1.0000000e+000
 -2.3287928e-001  6.9014464e-002  1.0228150e+000  1.6061279e+000  3.5679293e+000  2.5798469e+000  3.0023616e+000  3.4003280e+000  1.3892917e+000  3.4458222e+000  2.2878264e+000  1.1787160e+000  1.0000000e+000
 -1.7233293e-001  9.6050891e-002  2.7487376e+000  6.1539127e-002  3.1358116e+000  9.5259132e-001  3.8538716e+000  1.5553807e+000  1.9196626e+000  3.1421812e+000  1.4555474e+000  3.1009007e+000  1.0000000e+000
 -1.2415251e-001  3.1385757e-001  3.3630939e+000  3.2362453e+000  1.6331990e+000  2.0872066e+000  3.8082039e+000  3.4553564e+000  2.0762279e+000  2.0652609e+000  3.1646231e+000  2.3749749e+000  1.0000000e+000
 -3.5194123e-001  2.8597771e-001  2.5661362e+000  3.0337316e+000  2.3803572e+000  3.7528879e-001  1.0764932e-001  2.6363695e+000  3.5578910e+000  4.6780287e-001  9.6233903e-001  1.4836353e-001  1.0000000e+000
 -8.3633939e-002 -4.8509854e-004  1.7084974e+000  2.7018991e+000  3.6999499e+000  1.3538248e+000  1.3269523e+000  1.2486908e+000  1.6737133e+000  3.2513267e+000  2.7265425e+000  2.9504189e+000  1.0000000e+000
 -3.6203642e-001 -3.8156211e-001  3.5475765e+000  6.6786876e-001  7.2783136e-001  1.7560023e+000  1.9259755e+000  2.0147221e+000  3.7807435e+000  2.2510412e-002  3.0068425e+000  2.5585369e-001  1.0000000e+000
 -2.1922677e-001  1.2447337e-001  1.5009602e+000  1.6292885e+000  2.4577245e+000  3.4468992e+000  2.5535687e+000  3.1983294e-001  3.5513323e+000  3.3867261e+000  3.3660920e+000  6.8604239e-001  1.0000000e+000
  4.3666005e-001 -4.7913424e-001  1.3894001e-001  3.1902842e+000  4.8514552e-001  3.3466914e+000  3.4049733e+000  3.2560139e+000  2.6168508e+000  3.0423798e+000  9.8405049e-002  1.6873329e+000  1.0000000e+000
  1.4606878e-002 -4.0948758e-002  2.7893726e+000  3.6038326e+000  2.7902540e+000  3.4857811e+000  3.9654048e+000  2.1963779e+000  2.9703485e+000  3.1062830e+000  1.4560146e+000  1.6866180e+000  1.0000000e+000
  2.0854640e-001 -5.7557228e-002  3.6921986e+000  1.2416598e+000  9.7532297e-001  4.6618377e-001  3.2532894e+000  9.6671318e-001  2.5012732e+000  2.0001442e+000  7.2867538e-001  1.2783189e+000  1.0000000e+000
 -2.4850036e-001 -2.4574128e-001  1.6783980e+000  1.9690855e+000  2.0074251e+000  1.0422217e+000  3.3944032e+000  2.5355903e+000  3.1045691e+000  2.5846574e+000  9.4962559e-001  3.2191081e+000  1.0000000e+000
 -1.1705901e-001 -2.6155455e-001  3.1213989e+000  2.9133188e+000  2.0482337e+000  2.0056981e+000  3.5011628e+000  1.7163379e+000  1.1573688e+000  3.1489786e+000  1.4757204e+000  9.1826935e-001  1.0000000e+000
 -7.6392025e-002  2.9058711e-001  1.9827530e+000  3.2563233e+000  1.2543327e+000  1.3375442e+000  1.8270572e+000  1.2155475e+000  3.1566333e+000  3.0915390e+000  1.3545160e+000  3.9735261e+000  1.0000000e+000
  3.3433827e-001 -5.4206550e-001  4.6487354e-001  6.2815990e-001  8.9656034e-001  2.6360912e+000  4.0662687e-001  2.7881181e+000  3.3884142e+000  2.6187950e+000  1.6454983e+000  2.4459121e+000  1.0000000e+000
 -5.9129576e-002  1.8863740e-001  3.8938649e-001  2.4035691e+000  1.2715189e-001  8.9896801e-001  8.9455053e-001  3.5089992e+000  1.4117221e+000  2.3669035e+000  3.7323317e+000  1.4903898e+000  1.0000000e+000
 -2.1112667e-001 -5.5268552e-002  3.9341335e+000  3.8050283e+000  1.2120750e+000  1.7947729e+000  2.6434095e+000  3.6171799e+000  2.3640215e+000  1.1244214e+000  2.6883877e-001  3.4284609e+000  1.0000000e+000
 -3.4157294e-001  1.8926942e-001  3.2885818e+000  2.8338373e+000  1.7561851e+000  1.7192885e+000  2.1558373e+000  3.5227699e+000  3.3453372e+000  2.3214214e-001  3.3709444e-001  3.3019184e+000  1.0000000e+000
 -2.9059861e-001 -3.6807761e-002  2.6698629e+000  3.1971444e+000  1.8893173e+000  2.6578434e+000  4.1023983e-001  1.6448735e+000  1.5661453e+000  2.7313017e+000  6.0112070e-001  6.7006420e-001  1.0000000e+000
 -2.3020434e-002 -1.9230497e-001  3.3050530e+000  3.0530698e+000  2.1458010e+000  1.1179873e-001  1.3900792e+000  1.2312811e+000  3.5589679e+000  5.2898766e-001  2.3838292e+000  3.7028632e+000  1.0000000e+000
 -1.6763247e-001  5.9830445e-001  3.6176190e+000  2.5001148e+000  2.1709823e+000  1.1537490e+000  3.1832779e+000  3.5025494e+000  3.2907207e+000  1.7934056e+000  3.6399676e+000  3.5863548e+000  1.0000000e+000
 -1.9443206e-001 -3.5004667e-001  3.2759717e+000  1.3490408e+000  1.9628098e+000  7.0844161e-001  3.2770775e+000  1.4338172e+000  3.8185540e+000  1.7418135e+000  3.4875967e+000  1.8794989e-001  1.0000000e+000
 -3.1201795e-001 -3.7951995e-001  1.5916419e+000  1.9345496e+000  3.0930231e+000  3.0385518e+000  9.1085055e-001  6.6599881e-003  3.1911112e+000  2.4286371e+000  1.9601116e+000  2.0845720e+000  1.0000000e+000
  3.1779371e-001  1.1855764e-001  3.3902927e+000  4.4575371e-001  2.0697311e+000  2.7659901e+000  1.6026259e+000  1.8786088e+000  5.6519184e-001  2.1976652e+000  9.1214713e-001  3.2176873e+000  1.0000000e+000
 -2.4005281e-002  6.6375266e-002  3.0032739e+000  1.2551713e+000  3.3191310e+000  3.3086928e+000  2.5814520e+000  3.3876913e+000  3.7708146e+000  6.0840571e-001  5.3117503e-001  3.4989770e+000  1.0000000e+000
  4.1137464e-001  2.0170409e-002  9.8419243e-002  2.1245493e+000  1.0187569e+000  2.4576328e+000  3.9166858e+000  1.6434751e+000  3.5540099e+000  1.3635556e+000  2.7509615e+000  3.4224494e+000  1.0000000e+000
 -3.8299826e-002 -1.1716488e-002  1.1831963e+000  2.3186470e+000  2.6863791e+000  3.4151107e+000  3.8629123e+000  1.6676391e+000  1.7057744e+000  1.8557691e+000  2.9235698e+000  2.4069311e+000  1.0000000e+000
 -3.1265258e-001  9.6605416e-002  2.7296328e+000  2.5599208e+000  2.8641143e+000  2.2988236e+000  9.4686202e-002  3.3091350e+000  9.7689682e-002  1.5886537e+000  1.7787562e+000  1.2408102e+000  1.0000000e+000
 -8.3862784e-002  8.1689957e-002  6.9844023e-001  1.2459246e+000  3.3163570e+000  3.7264254e+000  9.4151511e-001  8.9661604e-001  3.3792144e+000  3.8049385e+000  1.0416297e+000  7.9386437e-001  1.0000000e+000
 -1.1715172e-001  5.2467761e-001  1.2893481e+000  3.7499482e+000  3.0924528e+000  1.9553071e+000  1.2004813e+000  3.8187355e-001  5.0691278e-001  1.0507944e+000  2.6244493e+000  5.8265162e-001  1.0000000e+000
  3.1183579e-001 -2.4841233e-001  4.9122138e-001  3.7364188e+000  3.2990919e+000  3.2250736e+000  1.4472555e+000  3.7360411e+000  2.5414499e+000  2.2541474e+000  2.8691899e+000  1.4902754e+000  1.0000000e+000
  1.1700973e-001  7.9177570e-003  1.9335010e+000  3.1328783e+000  3.4843676e-001  2.5399075e+000  1.1713742e+000  3.2113756e+000  1.2898174e+000  6.5977495e-002  3.0021079e+000  3.9233219e+000  1.0000000e+000
  7.6827950e-002  5.4714545e-002  4.7836062e-001  9.8519977e-001  3.2766148e+000  3.4871824e+000  7.2385592e-001  1.6081281e+000  9.8228184e-001  3.3238495e+000  5.4852006e-001  2.6050398e+000  1.0000000e+000
  1.7085457e-001 -3.3110430e-001  3.9407388e+000  1.0016930e+000  8.4930542e-001  2.2562161e+000  1.4462720e+000  3.5537230e+000  3.0044876e+000  1.3036652e+000  9.7935802e-001  3.3541039e+000  1.0000000e+000
 -1.9784539e-002 -8.5618889e-001  4.6083570e-002  3.5079048e+000  1.0942019e+000  1.1770068e+000  1.1079483e+000  2.3219969e+000  5.3088347e-001  2.1355374e+000  3.3247509e+000  1.9763965e+000  1.0000000e+000
 -4.7513182e-001  1.3105779e-001  3.1372017e+000  3.6820349e+000  3.7539117e+000  8.5728900e-001  3.7211758e+000  2.6774295e+000  1.3731785e+000  2.4186694e+000  7.8122797e-001  5.8137954e-001  1.0000000e+000
  6.1563354e-002 -1.6943737e-002  2.3227977e+000  2.8931090e+000  3.7857128e+000  1.1457112e+000  2.3726398e+000  1.7662471e+000  1.6189299e-001  1.6674433e+000  3.2262763e+000  1.7628502e+000  1.0000000e+000
 -3.6655897e-001  4.6743259e-001  9.1590209e-001  1.7743662e+000  5.3153179e-001  2.9889169e+000  3.9848217e+000  1.4538935e+000  3.8215001e+000  3.0815841e+000  2.3531630e+000  1.3959939e+000  1.0000000e+000
  1.1709075e-001  4.2283137e-001  4.7479426e-001  5.3685371e-001  1.1329093e+000  1.8185095e+000  3.9122589e+000  2.2407097e+000  1.8720735e+000  3.6149273e+000  3.5286989e+000  9.7477246e-001  1.0000000e+000
 -4.5045750e+000 -3.1663830e+000  2.1555163e+000  8.1226866e-002  2.5337067e+000  3.0589814e+000  1.9580501e-001  1.8497764e+000  3.7030956e+000  3.2814884e+000  2.7125046e+000  8.4617070e-001  2.0000000e+000
 -5.2911335e+000 -2.2389612e+000  2.6629079e+000  3.6607116e+000  9.4363036e-001  8.5348737e-001  3.8077128e+000  3.9294407e+000  4.7760671e-002  3.6947346e-002  7.6195641e-002  2.2612676e+000  2.0000000e+000
 -1.8061808e+000  4.4895228e+000  1.7992919e+000  3.4615454e+000  1.6722460e+000  2.3761103e+000  1.5196982e+000  1.9383959e+000  1.2453287e+000  3.5929132e+000  1.5636517e+000  1.8800445e+000  2.0000000e+000
  3.4308147e+000  5.4944308e+000  2.1961064e+000  3.4876811e+000  2.7657261e+000  2.0204103e+000  3.0083460e-001  3.7531496e+000  2.3553246e-001  1.6058238e-001  6.9816719e-002  4.3320180e-002  2.0000000e+000
 -4.1065224e-001  5.9247414e+000  3.5380414e+000  1.3072840e+000  3.8754726e+000  2.1436070e+000  1.9424394e+000  3.7369475e+000  1.0658298e+000  3.7876965e+000  2.7859777e+000  3.5081719e+000  2.0000000e+000
  1.0061226e+000 -3.7492517e+000  8.2113635e-001  1.8277573e+000  1.2673307e+000  1.9746550e+000  5.7090282e-001  2.6311164e+000  1.7916187e+000  1.3124266e+000  3.5130283e-001  2.1080524e+000  2.0000000e+000
  1.1172899e-003  6.2389819e+000  2.3856646e+000  2.9650036e+000  2.6958133e+000  1.8258097e-001  1.9291525e+000  6.6265780e-001  3.5338245e+000  1.5973201e+000  2.3684371e+000  3.4601008e+000  2.0000000e+000
  7.9272123e-001  4.2644617e+000  9.2320414e-001  6.6968557e-001  3.4509533e+000  9.8664382e-001  1.4279496e-001  1.7622150e+000  7.2563481e-001  3.8118990e+000  3.3226249e+000  2.1813377e+000  2.0000000e+000
 -3.7631946e+000  4.6268964e+000  1.1044514e+000  2.5303960e+000  1.2861015e-001  3.8061444e+000  2.4283507e+000  2.1493608e-001  3.3773322e+000  8.1500742e-001  5.2937723e-001  2.4967943e+000  2.0000000e+000
  5.2548734e+000 -1.0637164e+000  2.2378933e+000  1.7425482e+000  1.4533888e+000  1.1232142e+000  6.4066535e-001  1.8506123e-001  1.9895621e+000  2.0825259e+000  3.3855376e+000  1.4993168e+000  2.0000000e+000
 -1.3158054e-001 -4.7918527e+000  3.9805311e+000  1.6342010e-001  5.5583076e-001  2.1147647e+000  2.6057293e+000  1.8261946e+000  6.7130778e-001  3.7067206e+000  1.5130781e+000  2.4768945e+000  2.0000000e+000
 -3.4615008e+000 -1.4721216e+000  6.5609361e-001  7.5531090e-002  2.9230700e+000  1.5189092e+000  2.8273016e+000  7.9263046e-001  9.8110394e-001  2.5667505e-001  1.0526677e+000  1.5531369e+000  2.0000000e+000
 -2.7032903e+000 -4.0780733e+000  1.7103324e+000  3.5487696e+000  7.7226868e-001  3.6014168e+000  3.1778425e+000  2.7987056e+000  3.8475042e+000  3.5566084e+000  3.2055366e+000  1.1864156e+000  2.0000000e+000
  4.0726661e+000  1.9470733e+000  2.1999353e+000  2.9901382e+000  3.0360046e+000  7.2281333e-001  4.2935845e-001  1.0489018e+000  1.3681097e+000  3.0289307e+000  3.2442393e-001  2.2700142e+000  2.0000000e+000
  1.5852859e+000  4.2864806e+000  2.1993380e+000  4.1054594e-001  1.8562226e+000  2.0838364e+000  1.1516335e+000  1.1498976e-001  9.1794079e-001  1.5147387e+000  2.3954952e+000  1.2125797e+000  2.0000000e+000
 -4.6950153e+000 -1.1470954e+000  8.5211083e-001  6.8797206e-001  9.3657177e-001  6.0962033e-002  2.1302757e-001  1.0135868e-001  8.2869657e-002  3.9993288e+000  2.7921602e+000  3.4981659e+000  2.0000000e+000
 -2.3335687e+000  5.3656397e+000  1.1353877e+000  1.6039618e-001  9.6268698e-001  2.5806362e+000  1.1793186e+000  1.4119654e+000  3.8338763e+000  7.9699485e-001  1.4319754e+000  3.7162333e+000  2.0000000e+000
 -1.5664122e+000  4.1519255e+000  3.8885278e+000  1.4261389e+000  2.4415406e+000  7.5565403e-001  3.4203356e+000  3.2596890e+000  8.1906099e-001  3.3657967e+000  1.4186554e+000  3.0481104e+000  2.0000000e+000
  4.9235225e+000  1.7794702e+000  2.6779470e+000  3.2295775e+000  3.2568740e+000  6.9430115e-001  9.7538962e-002  2.8955424e+000  3.0241797e-001  2.3609631e+000  1.5755793e+000  1.2283151e+000  2.0000000e+000
 -3.8744255e+000 -8.1657210e-001  2.7561629e+000  9.6863036e-001  1.2594719e+000  1.3298094e+000  2.2034810e+000  2.1373768e+000  2.4636850e+000  2.1658176e+000  2.4488052e-001  1.5233461e+000  2.0000000e+000
 -3.6822000e+000 -4.2613819e+000  9.7393758e-001  3.5075996e+000  1.5338580e+000  2.7121832e+000  3.1221706e+000  2.9946952e+000  3.0236404e+000  3.9285879e+000  4.4274549e-001  2.6654402e+000  2.0000000e+000
 -2.7489413e+000  3.8002669e+000  4.0129425e-001  2.4195453e-001  1.5656334e+000  1.9217540e+000  2.3599533e+000  1.0783725e+000  2.8534365e+000  2.1985676e+000  3.5526889e+000  1.4360788e+000  2.0000000e+000
  2.6920430e+000 -3.8234036e+000  2.2829750e+000  4.9419720e-001  2.6083215e+000  3.2275166e+000  1.6919868e+000  1.6973343e+000  1.4732736e-001  7.4668923e-001  3.5192450e+000  1.7932007e+000  2.0000000e+000
  3.2213694e+000  3.6309515e+000  1.8743869e+000  1.3687244e+000  2.4986993e+000  5.9887692e-001  3.3667874e+000  1.3718759e+000  2.3261215e+000  1.0049711e+000  5.7356722e-001  8.7070778e-001  2.0000000e+000
  6.5190090e-001 -4.2188254e+000  2.1947051e+000  5.6835288e-002  7.4483583e-001  8.2527041e-001  3.0239821e+000  1.9781406e+000  3.4888748e+000  1.9160032e+000  2.0696024e-001  2.7945135e+000  2.0000000e+000
 -4.1283293e+000  5.1864806e-001  2.1252804e+000  1.4054636e+000  2.8734099e+000  1.5607229e+000  8.0534349e-001  2.6903991e+000  1.8654393e+000  1.0298845e-001  1.9664759e+000  3.3730814e+000  2.0000000e+000
 -4.3727042e+000  4.2620788e+000  2.0107178e+000  3.2171571e+000  4.6954603e-001  2.6018336e+000  1.4411238e+000  1.4711866e+000  2.5594175e+000  2.0319283e+000  2.5922988e+000  8.6624121e-001  2.0000000e+000
 -2.7119706e+000  2.8874357e+000  9.7444458e-001  5.3619130e-001  1.6975957e+000  1.5012183e+000  3.0477055e-002  2.2840150e+000  1.3888793e+000  3.8102726e+000  3.1045955e+000  1.2558902e+000  2.0000000e+000
 -3.6798580e+000 -3.5390051e+000  2.1271587e+000  1.9448856e+000  3.1708641e-002  3.9115691e+000  2.0054937e+000  3.0993023e+000  2.3189694e+000  7.4794414e-001  1.5070944e+000  6.1471629e-002  2.0000000e+000
  3.6499476e+000  2.6154928e+000  1.0711417e+000  3.6669400e+000  8.1757213e-001  3.4617198e+000  1.4930307e+000  1.4264447e+000  3.8826101e+000  1.4122799e+000  3.5572642e-002  3.7719933e+000  2.0000000e+000
  2.4295386e+000  3.7707773e+000  3.1112184e+000  3.7545069e+000  5.9204417e-002  3.5022265e+000  2.4333457e+000  3.3364988e+000  6.0133306e-002  2.7817388e+000  1.0485721e+000  1.1103624e+000  2.0000000e+000
  2.0313781e+000  5.3208222e+000  1.5550512e+000  2.8166605e+000  2.8116148e+000  3.8866611e+000  5.4298781e-001  1.6678554e+000  1.5151037e+000  2.3991976e+000  1.3567934e+000  1.4221321e+000  2.0000000e+000
  1.9220152e+000 -3.0907138e+000  3.0293493e-001  1.2351403e+000  4.7126284e-002  1.0394508e+000  1.2042060e+000  2.7798455e+000  1.9200437e+000  9.6941902e-001  2.2224377e+000  3.5184226e+000  2.0000000e+000
 -1.0817897e-001 -4.5549085e+000  9.6477338e-001  1.2873922e+000  1.5274495e+000  1.8063381e+000  1.0237676e+000  1.8999648e+000  1.8427550e-001  9.5918307e-001  3.3957827e+000  2.0636476e+000  2.0000000e+000
  4.9849878e+000 -7.2742487e-001  2.6505676e+000  3.7338947e+000  8.5196023e-001  1.8733418e+000  1.8357462e+000  3.5092221e+000  2.5800257e+000  3.5410497e+000  2.8165827e+000  1.4303827e+000  2.0000000e+000
 -4.9113610e+000  2.1956113e-001  2.3627464e-001  3.5337021e+000  2.1886339e+000  1.2996140e+000  4.5392603e-001  1.0551877e+000  3.9868004e+000  5.1635982e-001  2.8874981e+000  3.6431716e+000  2.0000000e+000
  1.4891961e+000  4.9141898e+000  3.0239657e+000  2.1007121e+000  2.1264409e+000  3.8449557e+000  1.5569360e+000  6.8374797e-001  1.8761331e+000  1.5399455e+000  1.9703585e+000  2.9101610e+000  2.0000000e+000
  1.5434498e+000  4.8712374e+000  3.0176281e+000  1.6289544e+000  1.2714871e+000  1.7256417e+000  1.0890756e+000  2.7120849e+000  7.2380625e-001  4.2949225e-001  1.4938145e-001  2.0491737e+000  2.0000000e+000
  2.0841762e+000  4.7726962e+000  3.1680227e+000  2.2074664e+000  1.5176531e+000  5.1954994e-001  3.3862586e+000  8.7061613e-001  2.1734261e+000  1.2946493e+000  3.2002438e+000  2.0677698e+000  2.0000000e+000
 -7.6455422e-001 -4.8814392e+000  3.5786207e+000  1.0487063e+000  7.3669364e-001  3.0993921e+000  1.6506720e+000  3.3224328e+000  2.6872351e+000  9.4048190e-001  3.2471541e+000  2.7305198e+000  2.0000000e+000
 -2.2695358e+000  4.4589868e+000  3.3530407e+000  1.9735962e+000  6.9704599e-001  3.4841948e+000  2.8707111e+000  1.7017007e+000  3.6550237e+000  3.8331300e+000  1.7729971e+000  1.9843571e-001  2.0000000e+000
  2.6308682e+000  3.3435709e+000  1.4846154e+000  3.3684226e+000  2.5181759e+000  2.4599872e+000  4.2147756e-001  7.1238403e-001  2.3836591e+000  8.2277462e-001  1.5469392e+000  5.3060895e-001  2.0000000e+000
  6.1271974e+000 -2.0783576e+000  2.9444532e+000  2.8748713e+000  3.1856391e+000  2.4084326e+000  2.9907225e+000  2.7770838e+000  3.7920272e+000  3.0079001e+000  2.2928932e+000  3.5747370e+000  2.0000000e+000
  1.3035369e+000 -5.5269954e+000  3.5998668e+000  3.4626903e+000  1.3164173e+000  2.6134753e+000  3.8925699e+000  3.9795810e+000  2.5435418e+000  3.4980772e+000  3.2686835e+000  2.3111286e+000  2.0000000e+000
 -3.4064416e+000  3.1925416e+000  1.7378479e+000  2.2254592e+000  1.9675602e+000  5.9026120e-001  2.1440412e+000  9.1706574e-001  3.9796871e-001  8.2419142e-001  3.5552171e+000  3.0561959e+000  2.0000000e+000
  2.6637963e+000 -4.0443660e+000  7.9933045e-001  2.1443942e+000  3.8961992e+000  5.0106126e-001  1.5703407e+000  3.5703836e+000  3.1678812e+000  3.8253524e+000  1.5681909e+000  1.8842981e+000  2.0000000e+000
  4.6453801e+000 -2.5608251e+000  2.5646969e+000  3.2378666e+000  2.2138372e+000  9.9832551e-001  3.9086030e+000  3.0492986e+000  2.2049742e+000  2.0414344e+000  2.6708799e+000  6.1233102e-001  2.0000000e+000
 -2.3882096e+000 -2.8146969e+000  2.6242481e+000  1.4547317e+000  1.6918948e+000  1.6702345e+000  1.8493140e+000  2.1671284e+000  1.0202421e+000  3.4698342e+000  3.2848819e+000  3.0567517e+000  2.0000000e+000
  2.5775170e+000 -3.5498637e+000  3.8609543e+000  3.8857627e+000  1.7878809e+000  1.3404184e+000  3.9668441e+000  2.0937846e+000  2.4694518e+000  3.9776155e+000  2.5143246e+000  1.5654098e-001  2.0000000e+000
 -8.8026108e-001  4.6500079e+000  2.4003865e+000  1.5914419e+000  2.1287076e+000  2.1516879e+000  6.8726988e-001  1.8787085e+000  9.1669429e-001  3.5491282e+000  2.0614676e+000  1.6570205e+000  2.0000000e+000
