-1.422847e-003 5.359105e-001 
6.517602e-001 6.667447e-001 
-6.956984e-001 2.943954e-001 
-1.130695e-001 9.376864e-001 
-3.553251e-001 4.910637e-001 
-6.400675e-001 1.389591e-001 
-3.178908e-001 8.000339e-001 
-9.638578e-001 2.506997e-001 
4.311185e-001 5.250962e-001 
-5.140344e-001 4.177926e-001 
1.819484e-001 9.024276e-001 
7.250834e-001 2.673436e-001 
6.640599e-001 5.418262e-002 
1.860048e-001 5.000869e-001 
-6.436395e-001 2.880562e-002 
-1.016344e-001 5.624914e-001 
2.078681e-001 8.874589e-001 
-5.514512e-001 5.470950e-001 
-4.713457e-001 1.827432e-001 
5.989460e-001 3.005459e-001 
-6.577913e-001 7.183645e-001 
5.867198e-001 4.409910e-001 
-6.242131e-001 5.433824e-001 
5.492186e-001 1.691233e-001 
-3.491692e-003 8.634545e-001 
8.385030e-001 3.802817e-001 
5.482155e-001 1.898784e-001 
-3.502628e-003 5.943722e-001 
-5.094996e-001 3.312278e-001 
7.995741e-001 4.038516e-001 
-7.951825e-001 5.438680e-001 
5.525160e-001 2.385083e-001 
3.761109e-001 3.304358e-001 
5.007996e-001 3.046713e-001 
-6.964203e-001 6.869558e-001 
5.470575e-001 1.176461e-001 
7.100986e-001 4.361688e-001 
2.493673e-001 4.778180e-001 
-2.495350e-002 5.545643e-001 
3.859724e-001 5.637793e-001 
3.700447e-001 7.867827e-001 
2.848663e-001 4.830916e-001 
-7.821344e-001 3.997788e-001 
-6.693106e-001 1.282382e-001 
-5.972593e-001 4.634681e-001 
4.236364e-001 4.532981e-001 
-1.730334e-001 8.890579e-001 
2.804938e-001 5.825883e-001 
1.099799e-002 5.707156e-001 
7.410485e-001 6.152913e-001 
2.298857e-001 7.435267e-001 
-6.593760e-001 2.706505e-001 
-9.735350e-001 1.243903e-001 
1.293015e-001 5.069131e-001 
-1.098712e-001 6.328431e-001 
5.277978e-001 8.220715e-001 
6.599339e-001 7.011871e-001 
3.478503e-001 7.406372e-001 
-7.843136e-001 1.067112e-001 
-3.009066e-003 5.480905e-001 
-6.682101e-002 5.443997e-001 
-7.063855e-001 4.189185e-001 
-5.815829e-001 5.753125e-001 
-8.134104e-001 4.996325e-001 
7.489570e-002 7.084650e-001 
3.718437e-001 5.568797e-001 
2.507307e-001 7.758669e-001 
3.644912e-003 8.888150e-001 
6.095788e-001 1.823531e-001 
6.075299e-001 1.852476e-001 
-1.433066e-001 5.087221e-001 
3.071628e-001 4.327024e-001 
-4.371412e-001 8.530490e-001 
5.337455e-001 5.816935e-001 
-7.461886e-001 5.424889e-001 
3.915276e-001 3.538872e-001 
-9.742280e-001 1.134807e-001 
2.588150e-001 7.562413e-001 
4.386736e-001 4.852904e-001 
-1.386431e-001 4.849234e-001 
8.634135e-001 2.590234e-001 
-4.991092e-001 4.536677e-002 
7.617194e-001 6.007719e-002 
-2.155042e-001 6.130138e-001 
-3.277344e-002 9.461966e-001 
2.554311e-002 5.956239e-001 
-2.880065e-001 9.401481e-001 
-5.321382e-002 9.531424e-001 
6.875325e-001 4.013274e-001 
6.916065e-001 9.184476e-002 
-7.348490e-001 3.330811e-001 
6.588816e-001 3.552794e-001 
-6.042267e-002 6.604056e-001 
8.033344e-002 7.475344e-001 
-6.499190e-001 6.492108e-001 
7.277035e-001 7.024925e-002 
6.592488e-001 2.800491e-001 
-2.262782e-003 5.131627e-001 
3.271626e-001 5.737665e-001 
9.895491e-001 1.244142e-001 
2.233151e-001 5.459003e-002 
1.998803e-001 -2.903922e-001 
3.679622e-001 -4.847769e-001 
1.376716e+000 -6.617053e-001 
2.586357e-001 -3.907396e-001 
1.409840e+000 -4.320022e-001 
9.675307e-001 -7.366305e-001 
2.443808e-001 -3.816791e-001 
1.518018e+000 -3.288405e-001 
5.399358e-001 -3.458220e-001 
1.721111e+000 -4.406060e-001 
2.237893e-001 1.686179e-001 
1.740292e-001 9.382782e-002 
1.710598e+000 -1.794621e-001 
2.704007e-001 -4.248439e-001 
8.075281e-001 -7.277652e-001 
1.617974e+000 -3.736243e-001 
7.645432e-001 -5.170039e-001 
8.341579e-001 -7.313633e-001 
1.100272e+000 -6.722008e-001 
1.879953e+000 1.582665e-001 
1.104258e+000 -6.816612e-001 
1.491934e+000 -4.049591e-001 
1.351214e+000 -4.137193e-001 
3.499678e-001 -1.245591e-001 
2.376237e-001 -3.469295e-002 
2.391703e-001 7.200605e-002 
1.709957e+000 -1.671158e-001 
1.646861e+000 -2.840767e-001 
6.915535e-001 -6.598480e-001 
1.658314e+000 -1.992983e-001 
1.511447e+000 -5.204826e-001 
1.474053e+000 -4.115742e-001 
3.883851e-001 -3.872880e-001 
2.102135e-001 -2.835438e-001 
1.613359e+000 -3.983142e-001 
2.552841e-001 -2.513220e-001 
1.071562e+000 -5.723872e-001 
9.570245e-001 -5.389644e-001 
8.840370e-001 -6.427245e-001 
7.274253e-001 -4.634563e-001 
2.127482e-001 1.208680e-001 
1.702271e+000 -1.621770e-001 
1.212902e+000 -6.403588e-001 
1.223136e+000 -5.921919e-001 
1.609759e+000 -2.851529e-001 
2.421362e-001 2.145819e-001 
2.150585e-001 2.686683e-003 
9.356676e-001 -6.419535e-001 
1.109674e+000 -5.136831e-001 
9.532912e-002 1.138596e-001 
1.661358e+000 -4.511842e-001 
8.119505e-001 -4.998093e-001 
1.941983e+000 7.973426e-002 
5.234288e-001 -5.975027e-001 
7.926706e-001 -7.184650e-001 
1.552827e+000 -5.138942e-001 
4.154881e-001 -2.601120e-001 
1.739508e+000 -4.219119e-001 
5.256013e-001 -3.438941e-001 
1.191011e+000 -6.666809e-001 
1.140952e+000 -7.098895e-001 
2.069796e-002 2.059486e-001 
3.624755e-001 -3.457796e-001 
1.869920e+000 -1.049196e-001 
3.929696e-001 -3.466162e-001 
3.486225e-001 -3.726111e-001 
4.374001e-001 -5.303177e-001 
2.777002e-001 -4.289669e-001 
6.459268e-001 -6.673230e-001 
1.008365e+000 -7.151699e-001 
5.027273e-001 -5.012023e-001 
1.652004e+000 -2.853565e-001 
4.649029e-001 -5.914650e-001 
1.363796e+000 -5.047569e-001 
1.932872e-001 1.827664e-002 
6.566928e-001 -5.572567e-001 
5.648067e-001 -3.641448e-001 
6.097680e-001 -6.019866e-001 
1.100566e+000 -6.437550e-001 
1.316331e+000 -5.899713e-001 
1.737621e-001 -1.012728e-001 
1.703324e+000 -5.867509e-002 
1.359453e+000 -4.724651e-001 
1.850929e-001 1.534279e-001 
1.436831e+000 -5.317654e-001 
1.675255e+000 -1.386935e-001 
9.684268e-001 -5.660437e-001 
1.492211e+000 -5.548410e-001 
1.067518e+000 -5.526178e-001 
1.522373e+000 -4.730565e-001 
1.764631e+000 4.112284e-002 
1.122784e+000 -6.707381e-001 
3.760524e-001 -4.949366e-001 
1.160906e+000 -6.368628e-001 
1.590424e+000 -2.600845e-001 
5.644687e-001 -4.961566e-001 
6.451716e-001 -6.245327e-001 
4.278770e-001 -3.776762e-001 
1.351753e+000 -6.240507e-001 
2.195247e-001 7.976354e-002 
1.743065e+000 -1.376874e-001 
2.345291e-001 -2.842037e-001 
2.521981e-001 -2.410494e-001 
1.713432e+000 -3.168495e-002 
7.199182e-001 -6.199502e-001 
2.322299e-001 -1.743473e-001 
7.785310e-001 -6.904108e-001 
7.096114e-001 -5.367132e-001 
2.624060e-001 -2.745414e-001 
2.325007e-001 -2.163701e-002 
1.752221e+000 -2.849550e-001 
1.358974e+000 -4.908078e-001 
1.862926e+000 -9.560395e-002 
6.126324e-001 -5.257498e-001 
9.571306e-001 -5.696416e-001 
1.514185e+000 -4.622015e-001 
2.438414e-001 1.818839e-002 
1.962888e+000 2.211148e-001 
1.227917e+000 -6.750626e-001 
1.435172e+000 -5.346784e-001 
6.065223e-001 -5.890687e-001 
1.734804e+000 4.483796e-002 
1.605861e-001 6.600856e-002 
1.794064e+000 -1.501177e-001 
1.934405e+000 -9.003216e-002 
8.064096e-001 -6.687469e-001 
1.944621e+000 1.774156e-001 
8.471677e-001 -6.891022e-001 
1.489174e-001 -1.355413e-001 
1.631811e+000 -2.460176e-001 
3.845943e-001 -4.658974e-001 
1.505804e+000 -4.620217e-001 
2.113093e-001 1.020672e-001 
1.602435e+000 -3.014486e-001 
1.938755e+000 7.493261e-002 
1.204919e+000 -7.126088e-001 
1.670426e+000 -2.837101e-001 
3.670007e-001 -2.882275e-001 
1.964348e+000 1.299733e-001 
2.558901e-001 1.949762e-003 
8.381741e-001 -6.854830e-001 
1.728062e+000 -2.061055e-001 
1.715765e+000 -1.353224e-001 
8.993614e-001 -5.576043e-001 
2.618385e-001 8.230502e-002 
1.663228e+000 -1.058256e-001 
7.631038e-001 -6.770243e-001 
7.852486e-002 -1.286970e-001 
1.074531e+000 -6.251282e-001 
1.282911e+000 -5.060590e-001 
1.870816e+000 1.627918e-001 
1.217734e+000 -5.439785e-001 
1.814493e+000 -6.316254e-002 
1.779329e+000 3.106035e-002 
1.133827e+000 -6.229617e-001 
7.719238e-001 -6.527967e-001 
1.336025e+000 -6.487430e-001 
1.860215e+000 2.079238e-001 
1.750918e+000 -6.353721e-002 
6.964881e-001 -4.510582e-001 
2.397340e-001 1.056931e-001 
8.342985e-002 -1.462165e-001 
7.608514e-001 -5.184862e-001 
1.563125e+000 -3.892641e-001 
9.821840e-001 -5.773700e-001 
1.476395e+000 -4.589610e-001 
1.482980e-001 2.475879e-002 
1.772629e+000 1.864532e-001 
1.840670e+000 1.182738e-001 
1.705754e-001 2.215018e-001 
1.129699e+000 -6.240853e-001 
1.173970e+000 -6.371856e-001 
3.084312e-001 -3.792029e-001 
5.345475e-002 9.458347e-002 
1.939277e+000 9.014235e-002 
1.877156e+000 -7.302476e-002 
1.460769e+000 -6.096195e-001 
2.090551e-001 4.155507e-002 
2.951317e-001 -1.223541e-001 
1.678638e+000 -8.874561e-002 
1.614185e-001 -8.612399e-002 
4.984654e-001 -4.925682e-001 
6.154950e-001 -4.858615e-001 
6.360335e-001 -5.683058e-001 
2.427042e-001 -2.364069e-001 
1.852684e+000 2.754174e-002 
9.504801e-001 -7.429791e-001 
3.643622e-001 -3.487591e-001 
2.071328e-002 1.313516e-001 
1.431841e+000 -5.858773e-001 
1.801932e+000 1.154455e-001 
3.318378e-001 -4.186080e-001 
1.492672e+000 -4.402635e-001 
6.066528e-001 -6.354948e-001 
6.699193e-001 -6.736166e-001 
3.260248e-001 -8.952554e-002 
4.570663e-001 -3.327009e-001 
9.559495e-001 -7.327823e-001 
1.524225e+000 -3.275918e-001 
1.484911e+000 -4.856692e-001 
1.803718e+000 2.059516e-001 
3.118603e-001 -2.570624e-001 
3.766294e-001 -3.236034e-001 
5.054779e-001 -5.203898e-001 
3.355604e-001 -1.787312e-001 
1.625521e+000 -2.122701e-001 
3.152445e-001 -4.681111e-001 
1.772689e+000 -2.294697e-001 
1.986900e-001 -1.675301e-001 
1.459048e+000 -6.316634e-001 
2.354537e-001 -4.731686e-002 
1.816748e+000 -5.058128e-002 
1.921213e+000 1.664760e-001 
1.988457e+000 1.995208e-001 
1.527442e+000 -3.968681e-001 
1.839724e+000 -9.368714e-002 
1.074383e+000 -6.663835e-001 
1.689664e+000 -1.167357e-001 
2.103207e-001 -8.660920e-002 
5.669794e-001 -3.820424e-001 
1.344157e-001 -4.664082e-002 
6.926332e-001 -5.348356e-001 
7.099937e-001 -6.941499e-001 
1.028413e-001 7.259351e-002 
1.015696e+000 -7.184536e-001 
1.981799e+000 9.468593e-002 
2.120159e-001 -1.742048e-001 
1.786465e+000 -1.132513e-001 
1.140956e+000 -6.365090e-001 
8.681539e-001 -6.596401e-001 
1.335429e+000 -5.233799e-001 
1.408539e-001 1.763248e-001 
1.169081e+000 -4.979367e-001 
5.073929e-001 -5.650767e-001 
1.939783e+000 -4.369505e-002 
3.303178e-001 -4.728238e-001 
5.939426e-001 -5.962827e-001 
5.969262e-001 -4.128132e-001 
3.442493e-001 -3.745009e-001 
8.265208e-001 -5.506376e-001 
1.350491e+000 -5.139976e-001 
7.990700e-001 -6.206418e-001 
1.413909e+000 -5.615252e-001 
4.710196e-001 -5.076980e-001 
3.800802e-001 -4.936885e-001 
1.774122e+000 5.247367e-002 
6.826494e-001 -6.906063e-001 
1.154326e+000 -7.121356e-001 
1.776393e+000 2.349043e-001 
1.648954e+000 -4.962968e-001 
8.447007e-002 -1.263323e-001 
6.715841e-001 -6.125955e-001 
3.685043e-001 -2.857889e-001 
5.137365e-001 -3.982570e-001 
3.286469e-001 -4.041921e-001 
1.217616e+000 -5.304914e-001 
5.069479e-001 -4.703212e-001 
2.699813e-001 1.882372e-002 
3.373542e-001 -4.182542e-001 
2.900857e-001 -2.043306e-001 
1.351875e+000 -5.500400e-001 
1.223566e+000 -6.804699e-001 
8.661126e-001 -7.040918e-001 
1.765969e+000 -2.928244e-001 
9.364674e-001 -6.054520e-001 
1.554638e+000 -3.095722e-001 
1.917990e+000 -1.259924e-001 
1.885683e-001 -1.929051e-001 
1.127904e+000 -6.173593e-001 
5.753221e-001 -6.173486e-001 
1.909582e+000 -6.859113e-002 
1.276329e+000 -5.127191e-001 
4.706808e-001 -3.453637e-001 
9.300324e-001 -6.082437e-001 
1.883612e+000 2.228166e-001 
1.369064e+000 -6.167167e-001 
1.822758e+000 1.857276e-001 
1.504446e+000 -5.662177e-001 
1.926590e+000 4.815448e-002 
1.861741e+000 -1.336224e-001 
1.315132e+000 -4.660731e-001 
9.200731e-001 -6.181704e-001 
1.651154e+000 -3.255217e-001 
1.693087e+000 -2.568956e-001 
1.587850e+000 -4.623697e-001 
9.369990e-001 -7.476714e-001 
6.629342e-001 -5.779322e-001 
9.844407e-001 -5.949109e-001 
7.561352e-003 2.438481e-001 
7.358541e-001 -6.750998e-001 
2.192691e-001 -7.514973e-002 
8.689127e-001 -5.059049e-001 
7.473372e-001 -5.743729e-001 
1.413949e+000 -5.202082e-001 
6.336495e-001 -6.609163e-001 
4.336279e-001 -3.367868e-001 
1.907203e+000 7.192476e-002 
4.615947e-001 -4.627919e-001 
1.638633e+000 -4.371444e-001 
