 -1.3548849e+001 -2.3733143e-002  1.0000000e+000
 -1.3394929e+001  2.1323154e-002  1.0000000e+000
  2.1142905e-002  6.2567037e-002  1.0000000e+000
 -1.2017248e+001 -2.2147215e-001  1.0000000e+000
  1.7656567e+000  2.8307316e-001  1.0000000e+000
  1.6360479e+001  3.0024687e-001  1.0000000e+000
 -1.3343121e+001 -5.5555772e-001  1.0000000e+000
  1.4594617e+001 -8.5069524e-001  1.0000000e+000
 -1.6938531e+001 -2.9630351e-001  1.0000000e+000
  8.1541781e+000 -4.4313525e-001  1.0000000e+000
 -1.4324018e+001 -1.8940531e-001  1.0000000e+000
  8.6059565e+000 -9.1537840e-001  1.0000000e+000
  5.0199268e+000 -7.2087903e-001  1.0000000e+000
  1.2479102e+001 -4.8750714e-001  1.0000000e+000
 -8.4548569e+000  1.9948541e-001  1.0000000e+000
 -4.6984074e+000  4.5119924e-001  1.0000000e+000
  6.5461846e+000  8.7541110e-001  1.0000000e+000
 -1.5454692e+000 -7.2389916e-001  1.0000000e+000
  1.7384072e+001 -2.2727699e-001  1.0000000e+000
 -5.7788040e+000  2.7846122e-001  1.0000000e+000
  2.1743222e+001  1.0565028e+000  1.0000000e+000
 -8.2542239e+000 -5.3877351e-001  1.0000000e+000
 -1.2415244e+001  4.2953360e-001  1.0000000e+000
 -1.4925628e+001 -5.6382021e-001  1.0000000e+000
 -7.9266635e-001  2.3114393e-001  1.0000000e+000
 -1.0043115e+001 -4.2335586e-001  1.0000000e+000
 -1.4600017e+000 -5.5622378e-002  1.0000000e+000
 -3.6277158e+000  7.6849211e-001  1.0000000e+000
  2.9797934e-001  2.5525469e-001  1.0000000e+000
  3.6320908e+000 -1.9811163e-001  1.0000000e+000
 -1.6122480e+001  2.8921510e-001  1.0000000e+000
 -1.7468393e+001  1.6565529e-001  1.0000000e+000
  6.7850858e+000  4.2404037e-001  1.0000000e+000
 -1.1491254e+000 -4.3307559e-002  1.0000000e+000
  1.8628581e+001 -2.8267043e-001  1.0000000e+000
  1.9851801e+001 -3.2707437e-001  1.0000000e+000
  1.2228095e+001  1.6885979e-001  1.0000000e+000
 -9.8745846e+000 -1.2607714e+000  1.0000000e+000
 -1.0190355e+000  4.5595561e-001  1.0000000e+000
 -4.8215781e+000 -3.4083002e-002  1.0000000e+000
 -1.0069561e+000 -4.8267481e-001  1.0000000e+000
  8.0175066e+000  3.6533678e-001  1.0000000e+000
 -3.4638489e+000 -6.5698862e-001  1.0000000e+000
  8.6697555e+000  4.3068325e-001  1.0000000e+000
 -3.6031766e+000 -6.8942666e-001  1.0000000e+000
 -2.6021555e+000 -5.2290666e-001  1.0000000e+000
 -7.3538545e+000  4.6972760e-001  1.0000000e+000
  8.6607095e+000  4.9941483e-003  1.0000000e+000
  3.0783786e+000  9.7133698e-002  1.0000000e+000
 -7.7751882e+000  1.9663352e-002  1.0000000e+000
 -4.9143701e+000  2.8768294e-001  1.0000000e+000
  7.4390351e+000 -2.0862148e-001  1.0000000e+000
 -1.7411428e+000 -5.0800565e-002  1.0000000e+000
  4.5532281e-002 -6.3800147e-002  1.0000000e+000
  1.3375090e+001 -1.8683841e-001  1.0000000e+000
  1.4889548e+001  1.2375683e-001  1.0000000e+000
  2.0504817e+000  2.6154189e-001  1.0000000e+000
  1.4371126e+001 -3.3939106e-001  1.0000000e+000
 -2.5094342e+000  7.2537283e-001  1.0000000e+000
 -3.8815818e-001 -5.2420142e-001  1.0000000e+000
  2.3989121e+000  7.2469127e-001  1.0000000e+000
  7.6206919e+000  2.5645358e-001  1.0000000e+000
 -8.9314583e-001  3.4250325e-001  1.0000000e+000
  5.1893393e+000 -2.4894071e-001  1.0000000e+000
  2.6324578e+000 -5.5575001e-001  1.0000000e+000
  4.2896073e-001  2.5482141e-001  1.0000000e+000
  5.6270667e+000 -6.6380878e-003  1.0000000e+000
 -5.9307260e+000  7.7089083e-002  1.0000000e+000
 -3.4288944e+000 -2.3925913e-001  1.0000000e+000
  5.9551623e+000 -4.3104407e-002  1.0000000e+000
 -9.2239116e+000  7.6476491e-001  1.0000000e+000
 -3.1318767e-002 -1.0706208e-001  1.0000000e+000
 -2.4531797e+001 -5.4688609e-001  1.0000000e+000
  7.7974806e+000 -4.6113685e-001  1.0000000e+000
  6.1706274e-001  8.6917910e-001  1.0000000e+000
 -2.9077379e+000  1.5809612e-001  1.0000000e+000
 -5.5084218e+000  1.0673114e+000  1.0000000e+000
  5.4462470e+000 -7.5528608e-002  1.0000000e+000
  2.3726146e+001 -2.5879511e-001  1.0000000e+000
  4.0692233e+000 -1.9108207e-001  1.0000000e+000
  8.1872837e+000 -2.1038589e-001  1.0000000e+000
 -4.0312278e+000  7.3374246e-002  1.0000000e+000
  4.2924677e+000  3.5345217e-001  1.0000000e+000
 -1.0102015e+001  1.5101933e-001  1.0000000e+000
 -2.6444063e+000  1.5546469e-001  1.0000000e+000
  2.4043421e+000  1.7805629e-001  1.0000000e+000
 -8.9864365e+000 -7.4980443e-001  1.0000000e+000
 -3.7320075e+000 -1.1263481e-001  1.0000000e+000
  5.3203857e+000 -6.6585187e-001  1.0000000e+000
  8.0467706e+000 -3.7625612e-001  1.0000000e+000
  1.2586422e+001 -3.5586952e-001  1.0000000e+000
 -7.3264199e+000 -3.3920950e-001  1.0000000e+000
 -2.5620830e+000 -3.0874415e-001  1.0000000e+000
 -9.6624776e+000 -3.7802246e-001  1.0000000e+000
 -9.9387734e+000 -8.0926692e-001  1.0000000e+000
 -9.2628992e+000  1.2502390e+000  1.0000000e+000
  5.1397428e+000 -5.1368792e-003  1.0000000e+000
 -8.9163336e+000  2.0394744e-002  1.0000000e+000
 -2.0857635e+001 -6.1509975e-001  1.0000000e+000
  1.8811393e+000 -1.4514454e+000  1.0000000e+000
  2.7615489e+001 -5.2965452e+000  2.0000000e+000
 -3.5949864e+000 -4.6904803e+000  2.0000000e+000
  1.3187083e+000 -4.1226462e+000  2.0000000e+000
 -2.2618390e+001 -4.6276318e+000  2.0000000e+000
  6.4596580e+000 -4.0644858e+000  2.0000000e+000
  1.0029403e+001 -5.4770022e+000  2.0000000e+000
 -1.0773063e+001 -5.4570211e+000  2.0000000e+000
 -1.1477191e+000 -5.2077326e+000  2.0000000e+000
 -7.7600011e+000 -6.0902258e+000  2.0000000e+000
  2.2156190e+000 -4.4151126e+000  2.0000000e+000
  1.6099452e+001 -4.6445578e+000  2.0000000e+000
  4.4403348e+000 -5.2099122e+000  2.0000000e+000
 -8.8068934e+000 -4.5843413e+000  2.0000000e+000
 -2.1448057e+000 -5.1293662e+000  2.0000000e+000
  1.7210212e+000 -5.4681974e+000  2.0000000e+000
  5.5718041e+000 -5.1988475e+000  2.0000000e+000
 -7.8341005e-001 -4.0250322e+000  2.0000000e+000
 -6.2016095e+000 -4.4728804e+000  2.0000000e+000
 -6.9214082e-001 -3.9709066e+000  2.0000000e+000
  4.4174532e+000 -5.1778863e+000  2.0000000e+000
 -1.4207480e+001 -4.7416838e+000  2.0000000e+000
 -1.7876908e+001 -5.8457730e+000  2.0000000e+000
  7.2493559e+000 -5.6179521e+000  2.0000000e+000
 -6.8342022e+000 -4.5300980e+000  2.0000000e+000
 -1.9697263e+001 -5.9862538e+000  2.0000000e+000
 -1.7525152e+000 -4.7805225e+000  2.0000000e+000
 -1.8507256e+001 -5.1282958e+000  2.0000000e+000
  9.5344473e+000 -5.3322579e+000  2.0000000e+000
 -1.2833183e+001 -4.6287346e+000  2.0000000e+000
 -1.1229089e+000 -5.0860933e+000  2.0000000e+000
 -1.0251389e+001 -4.2175019e+000  2.0000000e+000
 -1.5318551e+001 -5.9955841e+000  2.0000000e+000
 -6.2049643e+000 -5.0320971e+000  2.0000000e+000
 -1.0357668e+001 -4.0942093e+000  2.0000000e+000
  1.3730518e+000 -5.4637452e+000  2.0000000e+000
 -2.1407815e+001 -5.0860679e+000  2.0000000e+000
  8.4326818e+000 -5.0906818e+000  2.0000000e+000
  7.1234540e+000 -5.0284488e+000  2.0000000e+000
 -8.5943335e+000 -5.1637809e+000  2.0000000e+000
 -3.2148416e+000 -5.2429986e+000  2.0000000e+000
  3.4440244e+000 -4.3996106e+000  2.0000000e+000
  1.9703645e+000 -5.5199120e+000  2.0000000e+000
  1.4929519e+000 -5.1704609e+000  2.0000000e+000
 -5.2643630e+000 -5.9392884e+000  2.0000000e+000
  3.1400105e+000 -4.8823893e+000  2.0000000e+000
  6.7880219e+000 -4.7523412e+000  2.0000000e+000
 -1.2731845e+001 -4.8468896e+000  2.0000000e+000
  6.6487616e+000 -5.2406572e+000  2.0000000e+000
 -5.9906490e+000 -6.1090353e+000  2.0000000e+000
 -1.5178934e+001 -4.6640184e+000  2.0000000e+000
  2.1654037e+001 -5.4090872e+000  2.0000000e+000
  6.7093106e+000 -4.1464336e+000  2.0000000e+000
  6.2330717e+000 -5.2465645e+000  2.0000000e+000
  7.0703085e+000 -5.4865464e+000  2.0000000e+000
  2.4083961e+000 -5.3866231e+000  2.0000000e+000
 -1.9545991e+001 -5.0187955e+000  2.0000000e+000
 -5.5597609e+000 -5.1702690e+000  2.0000000e+000
  8.0732663e-001 -4.8371477e+000  2.0000000e+000
 -9.9235013e+000 -4.9228220e+000  2.0000000e+000
 -1.5951126e+001 -4.5142211e+000  2.0000000e+000
 -2.0933462e+001 -5.5710627e+000  2.0000000e+000
 -1.3777846e+001 -5.1156718e+000  2.0000000e+000
 -1.9447725e+000 -4.7843518e+000  2.0000000e+000
  7.2673658e+000 -4.8754549e+000  2.0000000e+000
 -1.9786899e+001 -5.2006901e+000  2.0000000e+000
  2.2645029e+000 -3.7786555e+000  2.0000000e+000
 -5.1805445e+000 -4.9117260e+000  2.0000000e+000
 -3.5119681e+000 -4.4541720e+000  2.0000000e+000
  4.2903158e+000 -4.9178072e+000  2.0000000e+000
 -3.8984662e+000 -4.5150931e+000  2.0000000e+000
 -2.6829878e+001 -4.2203873e+000  2.0000000e+000
  7.3435533e+000 -4.7287842e+000  2.0000000e+000
  2.6480921e+000 -4.5579981e+000  2.0000000e+000
  1.2657191e+001 -3.8180253e+000  2.0000000e+000
  5.4516283e-001 -4.5690713e+000  2.0000000e+000
 -2.7164218e+000 -5.6789773e+000  2.0000000e+000
  2.8857903e+000 -4.6606584e+000  2.0000000e+000
 -1.2020894e+001 -5.1407609e+000  2.0000000e+000
 -2.6978435e+001 -5.2137729e+000  2.0000000e+000
  4.0800000e+000 -5.1571553e+000  2.0000000e+000
 -1.0009851e+000 -3.8353055e+000  2.0000000e+000
  1.3718947e+001 -5.6667528e+000  2.0000000e+000
 -1.0298283e+001 -4.3800933e+000  2.0000000e+000
  4.4840837e-002 -5.0049559e+000  2.0000000e+000
 -9.1419245e+000 -4.8443152e+000  2.0000000e+000
  1.1570502e+001 -5.5220618e+000  2.0000000e+000
 -1.3400548e+000 -4.1850883e+000  2.0000000e+000
 -1.9791964e+001 -5.2812732e+000  2.0000000e+000
 -4.3169089e+000 -4.8211105e+000  2.0000000e+000
  7.8136749e+000 -5.1540278e+000  2.0000000e+000
 -6.6453338e+000 -5.1262327e+000  2.0000000e+000
 -5.6111924e+000 -4.6664839e+000  2.0000000e+000
  2.2275763e+000 -4.7997725e+000  2.0000000e+000
 -1.1433310e+000 -5.0374909e+000  2.0000000e+000
 -3.0970086e+000 -5.3829065e+000  2.0000000e+000
 -2.9127355e+001 -5.8975559e+000  2.0000000e+000
 -5.3676862e+000 -5.0241749e+000  2.0000000e+000
  1.1950906e+001 -5.2602463e+000  2.0000000e+000
 -7.1577924e+000 -4.7155173e+000  2.0000000e+000
  8.4901028e+000 -5.4537566e+000  2.0000000e+000
