  7.1028435e-001 -1.2683332e-001  1.0000000e+000
  3.9795378e-001  5.9516241e-002  1.0000000e+000
  6.2604122e-001  1.3406035e-001  1.0000000e+000
  1.5972648e+000 -3.8568773e-001  1.0000000e+000
  2.1339363e+000  4.2836477e-001  1.0000000e+000
  7.8111595e-001 -2.1044764e-001  1.0000000e+000
  1.6553747e+000 -4.2145769e-001  1.0000000e+000
  8.3206101e-001 -2.1987733e-001  1.0000000e+000
  1.6006072e+000  3.4315715e-001  1.0000000e+000
  2.1052252e+000 -2.9326281e-001  1.0000000e+000
  1.8786674e+000  3.0276306e-001  1.0000000e+000
  8.6545238e-001 -2.0104107e-001  1.0000000e+000
  2.8220862e-001 -6.5824262e-002  1.0000000e+000
  1.3310941e+000 -2.7503292e-001  1.0000000e+000
  1.6324512e+000 -3.5917495e-001  1.0000000e+000
  1.0371532e+000 -3.4078009e-001  1.0000000e+000
  1.6604963e+000 -4.1330120e-001  1.0000000e+000
  1.8930136e+000 -2.1152333e-001  1.0000000e+000
  6.5849904e-001 -1.0923550e-001  1.0000000e+000
  9.0381588e-001 -2.2393403e-001  1.0000000e+000
  1.9312064e+000 -4.3766555e-001  1.0000000e+000
  1.7586830e+000  4.0125022e-001  1.0000000e+000
  1.4261425e+000  3.4012868e-001  1.0000000e+000
  2.1923175e+000  5.9489154e-002  1.0000000e+000
  1.8914662e+000  2.1766741e-001  1.0000000e+000
 -1.5682437e+000 -4.1130302e-001  2.0000000e+000
 -2.0914945e+000  5.9639368e-002  2.0000000e+000
 -1.2789188e+000  3.4104609e-001  2.0000000e+000
 -1.1998567e+000  3.4476897e-001  2.0000000e+000
 -1.3140869e+000  3.4674319e-001  2.0000000e+000
 -1.9338748e+000 -1.0247216e-001  2.0000000e+000
 -1.7416569e+000 -3.1740683e-001  2.0000000e+000
 -1.0547060e+000 -2.2681634e-001  2.0000000e+000
 -1.0609342e+000 -2.1851408e-001  2.0000000e+000
 -1.8887584e+000 -1.7857610e-001  2.0000000e+000
 -2.2836376e+000 -2.1753188e-001  2.0000000e+000
 -1.7797946e+000 -3.8567390e-001  2.0000000e+000
 -2.0614333e+000 -3.1146766e-001  2.0000000e+000
 -1.4680955e+000  3.6726847e-001  2.0000000e+000
 -1.8461596e+000 -2.3851285e-001  2.0000000e+000
 -9.3923266e-001 -3.7228202e-001  2.0000000e+000
 -2.1129439e+000 -1.7895192e-002  2.0000000e+000
 -1.8331080e+000 -2.4397534e-001  2.0000000e+000
 -2.2047840e+000 -1.2089053e-001  2.0000000e+000
 -1.2631328e+000 -3.5806973e-001  2.0000000e+000
 -1.9312348e+000  3.3731340e-001  2.0000000e+000
 -1.7297255e+000  2.7598915e-001  2.0000000e+000
 -1.9601540e+000 -3.0441443e-001  2.0000000e+000
 -1.5987726e+000 -3.6997921e-001  2.0000000e+000
 -1.4827655e+000  3.8025594e-001  2.0000000e+000
  2.5794176e-001  1.0275680e+000  3.0000000e+000
  3.4916736e-001  1.5419899e+000  3.0000000e+000
  2.2267254e-001  5.4288530e-001  3.0000000e+000
 -3.5996168e-001  1.7316358e+000  3.0000000e+000
 -3.9919939e-001  1.4686971e+000  3.0000000e+000
 -1.9346688e-001  2.2364374e+000  3.0000000e+000
  1.4815405e-001  5.3993650e-001  3.0000000e+000
 -2.2797504e-001  9.6774375e-001  3.0000000e+000
 -3.0773912e-001  9.6253659e-001  3.0000000e+000
 -3.6559396e-001  1.6924161e+000  3.0000000e+000
  1.0347754e-001  3.5404593e-001  3.0000000e+000
 -2.7445619e-001  2.1242795e+000  3.0000000e+000
 -3.0326509e-001  1.0645133e+000  3.0000000e+000
  1.8495235e-001  4.8313457e-001  3.0000000e+000
  1.6612481e-001  7.5011917e-001  3.0000000e+000
 -4.0426943e-002  1.9290346e-001  3.0000000e+000
 -2.4923127e-001  2.1556309e+000  3.0000000e+000
  1.4790629e-001  2.2203637e+000  3.0000000e+000
  3.1720780e-001  2.1380696e+000  3.0000000e+000
  1.3147467e-001  6.2512562e-001  3.0000000e+000
 -9.5914493e-002  4.5819216e-001  3.0000000e+000
  3.5717699e-001  1.3886188e+000  3.0000000e+000
  3.2161659e-002  4.7718739e-001  3.0000000e+000
  3.6418755e-002  5.0381380e-001  3.0000000e+000
  1.3891608e-001  6.2045551e-001  3.0000000e+000
  1.3108962e-001 -2.1919017e+000  4.0000000e+000
  2.5105887e-001 -1.1713716e+000  4.0000000e+000
  2.3800206e-001 -8.6164232e-001  4.0000000e+000
 -2.2591025e-002 -3.9636231e-001  4.0000000e+000
 -2.6412253e-001 -1.0759395e+000  4.0000000e+000
 -3.6700769e-001 -1.4902435e+000  4.0000000e+000
 -2.5565816e-001 -2.0637570e+000  4.0000000e+000
  3.3433785e-001 -1.5455458e+000  4.0000000e+000
  7.5944008e-002 -5.5103503e-001  4.0000000e+000
  2.4288652e-001 -1.0024905e+000  4.0000000e+000
 -2.9175988e-001 -1.0174459e+000  4.0000000e+000
 -3.5360088e-001 -1.7191667e+000  4.0000000e+000
 -3.8598061e-001 -1.6522794e+000  4.0000000e+000
  1.7016497e-001 -6.5147101e-001  4.0000000e+000
 -3.1506901e-001 -1.2066812e+000  4.0000000e+000
 -3.5055082e-001 -1.8541504e+000  4.0000000e+000
 -2.5474650e-001 -1.3912468e+000  4.0000000e+000
  2.6045260e-001 -1.8504998e+000  4.0000000e+000
  3.7521575e-001 -1.0952969e+000  4.0000000e+000
 -1.0984936e-001 -2.1558861e+000  4.0000000e+000
  6.7851435e-002 -5.8416400e-001  4.0000000e+000
  3.3910341e-002 -1.2789541e-001  4.0000000e+000
  3.2446638e-001 -1.2498317e+000  4.0000000e+000
  1.6380626e-001 -8.5324356e-001  4.0000000e+000
  3.3152443e-001 -1.4070437e+000  4.0000000e+000
