 -2.3596656e+000 -1.6150843e+000  1.0000000e+000
 -2.6223321e+000  1.8800051e+000  1.0000000e+000
  4.8071164e-001  2.1563530e+000  1.0000000e+000
  2.1732409e+000  1.9494768e+000  1.0000000e+000
  1.6044429e+000  2.0798470e+000  1.0000000e+000
  4.7166076e+000 -5.6739257e-001  1.0000000e+000
 -1.9321582e+000 -1.8271185e+000  1.0000000e+000
 -3.2929638e+000 -1.3329966e+000  1.0000000e+000
 -4.5218915e+000  9.7193433e-001  1.0000000e+000
 -2.2008943e+000  1.9167151e+000  1.0000000e+000
 -4.6418174e+000  7.7000170e-001  1.0000000e+000
  3.5452280e+000 -1.3768554e+000  1.0000000e+000
 -4.1162553e+000  1.1563849e+000  1.0000000e+000
  3.9011686e-001  2.1457653e+000  1.0000000e+000
 -9.0788708e-001  2.0945539e+000  1.0000000e+000
 -1.3439956e+000  1.9300879e+000  1.0000000e+000
  4.5764149e+000  8.3779228e-001  1.0000000e+000
  3.6604460e+000 -1.3272365e+000  1.0000000e+000
 -3.8193074e+000  1.4680272e+000  1.0000000e+000
 -9.4611744e-001 -1.7874432e+000  1.0000000e+000
 -3.7431227e+000  1.3293327e+000  1.0000000e+000
 -2.3317093e+000 -1.7460961e+000  1.0000000e+000
  4.7220160e+000  6.7340091e-001  1.0000000e+000
  2.1458461e+000  1.8129046e+000  1.0000000e+000
  2.2529099e+000  1.7870094e+000  1.0000000e+000
  4.9206323e+000  5.2518296e-001  1.0000000e+000
 -4.8225284e+000  6.5611706e-001  1.0000000e+000
  2.2660380e+000  1.7930790e+000  1.0000000e+000
  2.4709856e+000  1.7849014e+000  1.0000000e+000
 -6.5493152e-001 -1.8741903e+000  1.0000000e+000
  2.5737002e-001 -1.7981141e+000  1.0000000e+000
 -2.0066767e+000  1.9457716e+000  1.0000000e+000
  4.7248063e+000 -6.2839799e-001  1.0000000e+000
 -8.2590483e-002 -1.8360078e+000  1.0000000e+000
 -4.4716486e+000  1.0364812e+000  1.0000000e+000
 -1.1311370e+000  1.9525419e+000  1.0000000e+000
  1.6691257e+000 -1.8591450e+000  1.0000000e+000
  1.3820195e+000  2.0328824e+000  1.0000000e+000
  3.5480811e-001 -1.9916618e+000  1.0000000e+000
  4.2613380e+000  1.0719906e+000  1.0000000e+000
 -4.8440580e-002  2.0368704e+000  1.0000000e+000
 -1.3360069e+000  1.9956187e+000  1.0000000e+000
 -9.9407468e-001  2.0003482e+000  1.0000000e+000
  2.7444245e+000 -1.5815057e+000  1.0000000e+000
 -3.8624998e+000  1.3053857e+000  1.0000000e+000
  8.2962657e-001 -1.8800207e+000  1.0000000e+000
 -2.3442126e+000  1.8507587e+000  1.0000000e+000
  3.3252732e+000  1.5228970e+000  1.0000000e+000
 -7.8208794e-001  2.0979026e+000  1.0000000e+000
 -4.0147536e-002  2.0284059e+000  1.0000000e+000
 -4.3362746e+000 -8.4016691e-001  1.0000000e+000
  1.7244163e+000 -1.8590055e+000  1.0000000e+000
  3.5779917e+000  1.5566335e+000  1.0000000e+000
 -2.8339765e+000  1.7646604e+000  1.0000000e+000
 -3.4963682e-001 -1.8802613e+000  1.0000000e+000
 -4.2299443e+000 -9.0942201e-001  1.0000000e+000
  4.4426803e+000  9.8756218e-001  1.0000000e+000
  3.8972088e+000  1.3839267e+000  1.0000000e+000
 -3.7798890e+000  1.4567539e+000  1.0000000e+000
 -4.7089927e+000  7.7255513e-001  1.0000000e+000
 -1.0356992e+000  2.0133662e+000  1.0000000e+000
 -4.4453284e+000 -8.2200572e-001  1.0000000e+000
  2.4119033e+000  1.8972822e+000  1.0000000e+000
  1.6173235e-001  2.1902863e+000  1.0000000e+000
 -2.1558394e+000 -1.6605125e+000  1.0000000e+000
 -3.1822550e+000 -1.4027687e+000  1.0000000e+000
 -4.4531383e+000  1.0098424e+000  1.0000000e+000
  1.8960257e+000 -1.7616163e+000  1.0000000e+000
 -1.3727044e+000  1.9402069e+000  1.0000000e+000
  2.2374060e+000  1.8585036e+000  1.0000000e+000
 -4.8655772e+000  5.2635384e-001  1.0000000e+000
  2.0444813e-001 -1.8534205e+000  1.0000000e+000
  2.9358273e+000  1.6676686e+000  1.0000000e+000
 -2.4852005e+000 -1.6005964e+000  1.0000000e+000
  1.7934827e+000 -1.8045161e+000  1.0000000e+000
  1.4454326e+000  2.0094164e+000  1.0000000e+000
 -2.9564274e+000  1.7758634e+000  1.0000000e+000
 -3.3705890e+000  1.5955977e+000  1.0000000e+000
 -4.0295881e+000 -1.1681793e+000  1.0000000e+000
  8.8441245e-001 -1.9304463e+000  1.0000000e+000
  4.9629850e+000 -8.8392993e-002  1.0000000e+000
  3.8446253e+000  1.3463517e+000  1.0000000e+000
  1.5514360e+000 -1.8053546e+000  1.0000000e+000
  4.5869014e+000 -6.0923485e-001  1.0000000e+000
  1.9901856e+000  1.8875003e+000  1.0000000e+000
 -1.4602842e+000  2.0719632e+000  1.0000000e+000
 -6.5612649e-001  2.1486087e+000  1.0000000e+000
  3.5792811e+000  1.5208699e+000  1.0000000e+000
 -3.7335417e-001  2.0168416e+000  1.0000000e+000
  3.3138854e+000 -1.3091092e+000  1.0000000e+000
  4.9738589e+000  3.0721027e-001  1.0000000e+000
  1.0312689e+000 -1.9151741e+000  1.0000000e+000
  3.1924000e+000  1.6168019e+000  1.0000000e+000
  1.8454105e+000  2.0001150e+000  1.0000000e+000
 -8.3731266e-002  2.1905266e+000  1.0000000e+000
 -2.3645700e+000  1.8587018e+000  1.0000000e+000
 -4.0138164e+000 -1.0764496e+000  1.0000000e+000
  3.3324239e-001  2.1042658e+000  1.0000000e+000
  2.0928041e+000  1.9213695e+000  1.0000000e+000
  4.5947928e+000 -6.6463732e-001  1.0000000e+000
 -2.9757755e+000  4.9017501e-001  2.0000000e+000
 -2.4278366e+000 -1.7471097e+000  2.0000000e+000
  1.6913236e+000 -2.4190603e+000  2.0000000e+000
 -3.8250052e-001 -2.8281371e+000  2.0000000e+000
 -2.4147502e+000 -1.7371449e+000  2.0000000e+000
  2.6222844e+000  1.5220448e+000  2.0000000e+000
 -1.8476675e+000 -2.2171900e+000  2.0000000e+000
 -2.2324207e+000 -1.9248561e+000  2.0000000e+000
 -2.4665913e+000  1.7101183e+000  2.0000000e+000
  2.8535125e+000 -7.9785990e-001  2.0000000e+000
 -2.5271867e+000  1.7714656e+000  2.0000000e+000
 -5.6953996e-001  3.1111014e+000  2.0000000e+000
  1.6456471e+000 -2.4725611e+000  2.0000000e+000
  2.8656988e+000  1.0789516e+000  2.0000000e+000
 -2.1261704e-001  3.0678052e+000  2.0000000e+000
 -1.9062183e+000 -2.3063514e+000  2.0000000e+000
 -3.1745481e-001 -2.8254427e+000  2.0000000e+000
  7.7445877e-003 -2.8775387e+000  2.0000000e+000
 -1.3457295e+000  2.7574455e+000  2.0000000e+000
 -2.5990282e+000  1.5896290e+000  2.0000000e+000
  1.1931667e+000  2.8957451e+000  2.0000000e+000
 -2.4509726e+000  1.8531878e+000  2.0000000e+000
  2.4766232e+000  1.8428842e+000  2.0000000e+000
  1.9927252e+000  2.4409480e+000  2.0000000e+000
  2.6216581e+000 -1.3571542e+000  2.0000000e+000
  1.0035954e-001 -2.8545630e+000  2.0000000e+000
  2.4273684e+000 -1.7556642e+000  2.0000000e+000
 -3.0041265e-001 -2.9221941e+000  2.0000000e+000
  2.5488460e+000  1.7161787e+000  2.0000000e+000
  1.0783791e+000  2.9155706e+000  2.0000000e+000
  1.7449223e+000  2.6046168e+000  2.0000000e+000
  1.4180181e+000  2.8085974e+000  2.0000000e+000
  1.0206419e+000  2.9306917e+000  2.0000000e+000
  2.4685193e+000  1.8727611e+000  2.0000000e+000
 -1.7853071e+000  2.5544083e+000  2.0000000e+000
  1.5751459e+000 -2.4221698e+000  2.0000000e+000
 -3.2410242e-001  3.0492231e+000  2.0000000e+000
 -1.0275516e+000 -2.8108782e+000  2.0000000e+000
  1.6832361e+000 -2.3967583e+000  2.0000000e+000
  7.0041800e-001 -2.9014861e+000  2.0000000e+000
  3.0947615e-001 -2.7973123e+000  2.0000000e+000
  3.2887233e-001 -2.9231467e+000  2.0000000e+000
  2.8122993e+000  1.2262140e+000  2.0000000e+000
  2.3803262e+000  1.8406472e+000  2.0000000e+000
  1.3071306e+000  2.8215163e+000  2.0000000e+000
 -1.0584931e+000  2.9639711e+000  2.0000000e+000
 -2.2039382e+000  2.1499152e+000  2.0000000e+000
 -2.0355443e+000  2.3454956e+000  2.0000000e+000
  5.9419691e-001  3.0522655e+000  2.0000000e+000
  1.4590904e+000  2.7069604e+000  2.0000000e+000
  4.3258154e-001 -2.8715098e+000  2.0000000e+000
  1.3542404e+000 -2.6526562e+000  2.0000000e+000
 -1.5229033e+000  2.7667507e+000  2.0000000e+000
  2.3642587e+000  1.9764293e+000  2.0000000e+000
 -9.7149041e-001  2.8922618e+000  2.0000000e+000
  3.7655193e-001  3.0760830e+000  2.0000000e+000
  5.9698618e-001 -2.8348037e+000  2.0000000e+000
 -2.1626704e+000  2.2097784e+000  2.0000000e+000
  7.0774511e-001 -2.7572872e+000  2.0000000e+000
  8.4979374e-001 -2.8550050e+000  2.0000000e+000
 -1.1358442e+000 -2.6481940e+000  2.0000000e+000
  6.0771297e-001 -2.9157562e+000  2.0000000e+000
  4.7693704e-001  3.0544165e+000  2.0000000e+000
  2.6955842e+000  1.4806213e+000  2.0000000e+000
  1.4081856e+000  2.7482508e+000  2.0000000e+000
 -2.9236152e+000  7.0349886e-001  2.0000000e+000
 -2.8656297e-001  3.1844803e+000  2.0000000e+000
 -1.6955811e+000 -2.3006014e+000  2.0000000e+000
  2.2284576e+000 -1.9114950e+000  2.0000000e+000
  8.0412742e-001  2.9821856e+000  2.0000000e+000
 -5.0885308e-001  3.0125532e+000  2.0000000e+000
  1.5643035e-001  3.0554816e+000  2.0000000e+000
 -2.3097362e+000  2.0190104e+000  2.0000000e+000
  2.6478869e+000 -1.2920615e+000  2.0000000e+000
 -1.6354936e-001  3.0379389e+000  2.0000000e+000
 -1.6857841e+000 -2.3293275e+000  2.0000000e+000
  6.2415023e-001 -2.7919637e+000  2.0000000e+000
 -1.5918956e+000  2.6732611e+000  2.0000000e+000
  2.0943973e+000 -1.9512061e+000  2.0000000e+000
  1.5554460e-002  3.0742797e+000  2.0000000e+000
 -9.9835367e-001 -2.7384497e+000  2.0000000e+000
 -2.7917727e+000 -9.6481790e-001  2.0000000e+000
  2.8513484e+000 -7.4681583e-001  2.0000000e+000
 -8.4043630e-001  2.9038753e+000  2.0000000e+000
 -2.1762918e+000  2.1893792e+000  2.0000000e+000
 -2.3623220e+000 -1.8182919e+000  2.0000000e+000
  5.5667698e-003 -2.9485062e+000  2.0000000e+000
  4.9594195e-002  3.0495488e+000  2.0000000e+000
 -4.7459758e-001 -2.8924531e+000  2.0000000e+000
  2.5559770e+000 -1.3759257e+000  2.0000000e+000
  5.0891434e-001  3.0196017e+000  2.0000000e+000
  7.1988775e-001  2.9920602e+000  2.0000000e+000
 -1.9285814e+000 -2.2655131e+000  2.0000000e+000
  2.8058232e+000 -1.0432257e+000  2.0000000e+000
 -6.3487198e-001  2.9776473e+000  2.0000000e+000
 -1.6585152e+000 -2.4795332e+000  2.0000000e+000
  2.7563785e+000 -1.0660983e+000  2.0000000e+000
 -1.8382280e+000 -2.2616647e+000  2.0000000e+000
  2.7207606e-002  3.0730942e+000  2.0000000e+000
  1.9788140e+000 -2.0834428e+000  2.0000000e+000
